# AG41 CHALLENGE 2012 INSTANCE FILE
NBR_PRODUCT:200
  CUSTOMER_HOLDING_COSTS:0.00502830052073815;
    TRANSPORTER_CAPACITY:43
    TRANSPORTER_DELIVERY_TIMES:191.49747963537044
    TRANSPORTER_DELIVERY_COSTS:881.448333831212
  SUPPLIER_SETUP_TIMES:5.0
  SUPPLIER_SETUP_COSTS:24823.33717806154
  SUPPLIER_PRODUCTION_TIMES:1.0
  SUPPLIER_HOLDING_COSTS:0.0046565618776474695
    SUPPLIER_PRODUCTION_HOLDING_COSTS:0.0046565618776474695;24823.33950634248;24823.346491185297;24823.35813258999;24823.374430556563;24823.395385085012;24823.42099617534;24823.451263827545;24823.486188041625;24823.525768817588;24823.570006155423;24823.61890005514;24823.672450516733;24823.730657540204;24823.79352112555;24823.861041272776;24823.93321798188;24824.010051252862;24824.09154108572;24824.177687480456;24824.268490437073;24824.36394995556;24824.464066035933;24824.56883867818;24824.678267882304;24824.792353648307;24824.911095976186;24825.034494865944;24825.16255031758;24825.295262331092;24825.43263090648;24825.57465604375;24825.721337742896;24825.87267600392;24826.02867082682;24826.1893222116;24826.354630158257;24826.524594666793;24826.699215737204;24826.87849336949;24827.06242756366;24827.251018319705;24827.444265637627;24827.642169517425;24827.844729959106;24828.05194696266;24828.263820528093;24828.4803506554;24828.70153734459;24828.927380595658;24829.157880408602;24829.393036783422;24829.63284972012;24829.877319218696;24830.12644527915;24830.38022790148;24830.638667085692;24830.90176283178;24831.169515139743;24831.44192400959;24831.718989441306;24832.000711434906;24832.28708999038;24832.57812510773;24832.873816786963;24833.17416502807;24833.47916983106;24833.78883119592;24834.103149122664;24834.422123611283;24834.745754661777;24835.07404227415;24835.406986448404;24835.744587184534;24836.08684448254;24836.433758342424;24836.78532876419;24837.14155574783;24837.502439293345;24837.86797940074;24838.238176070012;24838.613029301163;24838.992539094193;24839.3767054491;24839.765528365882;24840.159007844544;24840.557143885082;24840.9599364875;24841.367385651793;24841.779491377965;24842.196253666014;24842.617672515942;24843.043747927746;24843.47447990143;24843.90986843699;24844.349913534425;24844.79461519374;24845.243973414934;24845.697988198004;24846.156659542954;24846.61998744978;24847.08797191848;24847.560612949062;24848.037910541523;24848.51986469586;24849.006475412072;24849.497742690164;24849.993666530136;24850.494246931983;24850.999483895706;24851.50937742131;24852.023927508788;24852.543134158146;24853.06699736938;24853.595517142494;24854.128693477487;24854.666526374353;24855.2090158331;24855.756161853722;24856.307964436226;24856.864423580602;24857.42553928686;24857.991311554993;24858.561740385005;24859.136825776895;24859.716567730662;24860.30096624631;24860.89002132383;24861.48373296323;24862.082101164506;24862.685125927663;24863.292807252696;24863.905145139608;24864.522139588396;24865.14379059906;24865.770098171604;24866.401062306024;24867.036683002323;24867.6769602605;24868.321894080556;24868.971484462487;24869.625731406297;24870.284634911983;24870.948194979548;24871.61641160899;24872.28928480031;24872.966814553507;24873.649000868583;24874.335843745535;24875.027343184367;24875.723499185075;24876.42431174766;24877.129780872125;24877.839906558467;24878.554688806686;24879.274127616784;24879.998222988757;24880.726974922607;24881.460383418336;24882.198448475945;24882.94117009543;24883.68854827679;24884.44058302003;24885.19727432515;24885.958622192145;24886.724626621017;24887.495287611768;24888.270605164398;24889.050579278904;24889.835209955287;24890.62449719355;24891.418440993686;24892.217041355703;24893.020298279596;24893.82821176537;24894.640781813017;24895.458008422545;24896.27989159395;24897.106431327233;24897.937627622392;24898.77348047943;24899.613989898346;24900.45915587914;24901.30897842181;24902.16345752636;24903.022593192785;24903.886385421087;24904.754834211268;24905.62793956333;24906.505701477265;24907.388119953077;24908.27519499077;24909.16692659034;24910.063314751787;24910.96435947511;24911.870060760313;24912.780418607395;24913.695433016353;24914.615103987187;24915.5394315199;24916.46841561449;
    DUE_DATES:10000.0;10239.958984159455;10271.848361371744;10417.67113609708;10422.338739640054;10514.812156066157;10590.297276001073;10740.243469866951;10893.8089421068;11099.513894197347;15268.285548540189;15459.5502522948;15522.461544858934;19327.144155347112;23966.280957318257;24157.541444784896;24310.2579553769;24413.359447791703;24463.487075061705;24542.226411417207;24710.656945533097;28429.886842307442;28584.810933211364;28622.589025027362;32008.469812493375;32080.460546342565;32200.35997947742;32432.008679882783;36737.44252250469;36848.017364570595;36940.28242957262;37080.53650771292;37150.9256246483;37213.928672595706;37228.52705888255;40057.13575574745;40216.54333113712;40372.33287784526;44596.26904899831;44763.43339129675;44907.08518298126;45054.29239664495;45149.42752365139;45397.39802196289;48892.44056519296;48986.15398155744;49049.01994903386;49115.05054337814;49273.361439960514;49361.25097427684;49508.72519380215;54296.857603892604;54373.295602246326;54603.10000685086;54842.26985173379;55068.519067492634;55212.8686989804;55314.83048146918;55383.70515104306;55395.439262012645;55437.992614374874;55604.234643915835;55643.73284982724;59222.973669897496;59371.48543965028;59483.98357527683;59573.305430591274;59694.4151426539;59730.28281331443;59776.99906806445;59826.96340973157;59869.166670154926;60092.74696212181;60283.647913182285;60426.29872165391;60525.92312260871;60722.74360253669;60950.83881311267;61014.59723305248;61068.216837541964;61245.9391839839;61250.13467741359;61307.99566285391;61350.79600560138;61404.135110343756;61425.60698679547;61670.35238254252;61884.28765576796;62124.68833964574;66924.22362302868;67109.34600013081;67338.62749281643;67417.34834148668;69988.24464559207;70208.2490105349;70282.23916133719;70485.59061840191;70592.93649064319;73312.66700239816;73365.03843548826;73611.86990790725;73647.51665986216;73732.32596139435;73971.38013734446;74220.5085861558;78168.74640372448;78227.95450976092;78457.27970356621;78539.39982005619;78669.87958919497;82315.39162504121;82412.57518513985;82667.28888451544;82720.2182067013;82903.17822547848;83096.07313037102;83172.0237929593;83234.149563455;83268.25121311577;83314.33215906573;83326.02668672058;83458.76127749629;83629.23168606123;83674.86109209296;83903.6105129091;86721.24631619386;86897.3640876909;87020.32351949716;87254.83050201333;87457.24035610168;87540.29355416991;87549.72128829376;87765.19060519038;87848.22447722782;87891.01308762422;87939.92362012438;88056.16929269118;91450.37553633178;91474.1247035374;91542.97123667272;94291.67540336866;94400.41355966771;94441.93646103347;94487.21249392058;94528.75253913381;94600.60612401966;94808.77810940334;95002.43947069469;95126.55634855038;95198.47305966303;99849.25546925985;100086.77922422277;100162.77623774628;100214.14773038209;100399.19325921084;100640.37516440336;104602.27839784036;104646.08378453803;104852.71547123822;104912.84269644071;104927.55272498915;105088.84963579329;109278.17670623602;109458.99781283496;109505.61741245538;109545.78874939593;109760.08049342842;113369.57289548134;113459.90746003084;113559.23238245043;113754.8880487232;114010.30623337197;114148.33319009584;114238.86082727666;114487.41260447433;114597.04196384354;114753.27194076651;115003.63661842865;115206.54398647588;115386.35956487941;115639.35018587756;115787.07701825416;119578.92494148215;119753.40024501254;119796.5680448507;119947.57796331841;124003.12413841292;124078.31392324067;124335.03770112361;124558.47108805126;124712.5507592866;124873.90897864445;125064.01539138657;125135.15373203113;127966.47836191393;128150.1144636909;131570.8142068089;131677.78921041303;131872.3079917375;134523.4270633177;
