# AG41 CHALLENGE 2012 INSTANCE FILE
NBR_PRODUCT:100
  CUSTOMER_HOLDING_COSTS:0.01223193642921146;
    TRANSPORTER_CAPACITY:27
    TRANSPORTER_DELIVERY_TIMES:100.15637385403848
    TRANSPORTER_DELIVERY_COSTS:929.6131830250386
  SUPPLIER_SETUP_TIMES:5.0
  SUPPLIER_SETUP_COSTS:24668.45588219034
  SUPPLIER_PRODUCTION_TIMES:1.0
  SUPPLIER_HOLDING_COSTS:0.011282402805509906
    SUPPLIER_PRODUCTION_HOLDING_COSTS:0.011282402805509906;24668.461523391743;24668.478446995952;24668.506653002965;24668.546141412786;24668.59691222541;24668.65896544084;24668.732301059077;24668.816919080116;24668.912819503963;24669.020002330617;24669.138467560075;24669.268215192336;24669.409245227405;24669.56155766528;24669.725152505962;24669.900029749446;24670.086189395737;24670.283631444832;24670.492355896735;24670.712362751445;24670.943652008955;24671.186223669276;24671.440077732397;24671.70521419833;24671.981633067062;24672.2693343386;24672.56831801295;24672.8785840901;24673.20013257006;24673.53296345282;24673.87707673839;24674.232472426764;24674.59915051794;24674.977111011925;24675.366353908717;24675.766879208313;24676.178686910713;24676.60177701592;24677.03614952393;24677.48180443475;24677.93874174837;24678.4069614648;24678.886463584036;24679.377248106073;24679.87931503092;24680.39266435857;24680.91729608903;24681.453210222287;24682.000406758354;24682.558885697228;24683.128647038906;24683.70969078339;24684.30201693068;24684.905625480773;24685.520516433673;24686.14668978938;24686.784145547892;24687.432883709207;24688.09290427333;24688.76420724026;24689.446792609993;24690.14066038253;24690.845810557876;24691.562243136024;24692.28995811698;24693.02895550074;24693.779235287308;24694.54079747668;24695.313642068857;24696.09776906384;24696.89317846163;24697.699870262222;24698.517844465623;24699.347101071828;24700.187640080836;24701.039461492655;24701.902565307275;24702.776951524702;24703.662620144936;24704.559571167974;24705.467804593816;24706.387320422466;24707.31811865392;24708.26019928818;24709.213562325247;24710.178207765115;24711.154135607794;24712.141345853277;24713.139838501564;24714.149613552658;24715.170671006555;24716.20301086326;24717.24663312277;24718.301537785082;24719.367724850206;24720.44519431813;24721.53394618886;24722.6339804624;24723.745297138743;24724.86789621789;
    DUE_DATES:10000.0;10239.370848147384;13124.483306431286;13143.452703200097;13424.991921589994;13644.42866094277;13928.137709061837;14105.939101817796;14182.541748456615;14293.710054295381;14562.955915939185;14710.55146221755;14868.202208689325;15018.582719487202;15026.81230051371;15282.802606753667;15442.324074499615;15693.153945463946;15912.62857631673;16008.81633529688;19373.99817434282;19434.031897813264;19625.866433434516;19810.729888753594;19828.338999784322;19892.834138174854;20024.420717050398;20286.039272552996;20364.04240055166;20530.024333019872;20564.916414879408;26108.644151339082;26362.51944554241;26592.52762220475;30501.08356667169;30609.68013691843;30826.19579765241;30855.362444267248;34537.42860478321;34615.20960030698;34852.88428243364;34932.34496568962;35010.47208578635;35220.51575842567;35429.89452545418;35507.17841892678;35642.42684408906;35645.69612716366;35788.68544255855;35798.8815089861;35903.22232109925;35959.905392016415;36155.6841320822;36375.82797195057;36441.547272298645;36517.80302833031;39985.77223326356;40187.046710360795;40352.93581428519;40425.77411257719;40627.0755775847;40903.06681751513;46177.60762304269;46387.03259194607;46433.55784051558;46501.956607844935;51820.07404009602;52079.517200433846;55570.06426855909;55633.85116458022;55911.50931844313;56192.97766034502;56294.569909251695;56324.871312361414;61443.133722838276;61626.39636856993;66670.1591329779;66832.60915686948;67093.09003300635;67302.62552110918;67534.65777080882;67544.25006600429;67584.44432648562;67753.76903520607;67821.8972107993;67869.95875629688;67879.88368664346;72263.84918436276;72419.05723886885;72664.12481460746;72892.54876603873;73014.11184490615;73077.68848178966;73121.7168402767;73364.80846477831;77517.96226259974;77745.57123615057;78014.05054617966;78183.85877120495;78302.5297094677;
