# AG41 CHALLENGE 2012 INSTANCE FILE
NBR_PRODUCT:150
  CUSTOMER_HOLDING_COSTS:0.004150180838541817;
    TRANSPORTER_CAPACITY:75
    TRANSPORTER_DELIVERY_TIMES:128.8938935296619
    TRANSPORTER_DELIVERY_COSTS:835.6390381650813
  SUPPLIER_SETUP_TIMES:5.0
  SUPPLIER_SETUP_COSTS:2086.1054005083447
  SUPPLIER_PRODUCTION_TIMES:1.0
  SUPPLIER_HOLDING_COSTS:0.004106688316200202
    SUPPLIER_PRODUCTION_HOLDING_COSTS:0.004106688316200202;2086.1074538525027;2086.113613884977;2086.1238806057677;2086.1382540148743;2086.1567341122973;2086.179320898036;2086.2060143720914;2086.236814534463;2086.2717213851506;2086.3107349241545;2086.353855151475;2086.401082067111;2086.4524156710636;2086.5078559633325;2086.5674029439174;2086.631056612818;2086.6988169700358;2086.7706840155693;2086.8466577494187;2086.926738171585;2087.0109252820666;2087.099219080865;2087.1916195679796;2087.2881267434104;2087.388740607157;2087.4934611592203;2087.6022883995997;2087.715222328295;2087.832262945307;2087.953410250635;2088.078664244279;2088.208024926239;2088.3414922965158;2088.4790663551084;2088.6207471020175;2088.7665345372425;2088.916428660784;2089.070429472641;2089.228536972815;2089.3907511613047;2089.557072038111;2089.7274996032334;2089.902033856672;2090.0806747984266;2090.2634224284975;2090.4502767468844;2090.641237753588;2090.836305448607;2091.035479831943;2091.238760903595;2091.4461486635632;2091.6576431118474;2091.873244248448;2092.092952073365;2092.3167665865976;2092.544687788147;2092.776715678012;2093.0128502561934;2093.253091522691;2093.497439477505;2093.745894120635;2093.9984554520815;2094.255123471844;2094.5158981799227;2094.7807795763174;2095.049767661029;2095.322862434056;2095.6000638953997;2095.8813720450594;2096.166786883035;2096.4563084093274;2096.749936623936;2097.04767152686;2097.3495131181007;2097.6554613976577;2097.9655163655307;2098.27967802172;2098.5979463662256;2098.920321399047;2099.246803120185;2099.5773915296395;2099.9120866274097;2100.2508884134963;2100.593796887899;2100.9408120506178;2101.291933901653;2101.647162441004;2102.0064976686717;2102.3699395846556;2102.7374881889555;2103.1091434815717;2103.484905462504;2103.8647741317523;2104.248749489317;2104.6368315351983;2105.029020269395;2105.4253156919085;2105.825717802738;2106.2302266018837;2106.638842089346;2107.051564265124;2107.468393129218;2107.8893286816287;2108.3143709223555;2108.743519851398;2109.1767754687576;2109.614137774433;2110.0556067684242;2110.501182450732;2110.950864821356;2111.404653880296;2111.862549627552;2112.324552063125;2112.7906611870135;2113.2608769992185;2113.73519949974;2114.213628688577;2114.6961645657307;2115.1828071312;2115.673556384986;2116.1684123270884;2116.6673749575066;2117.170444276241;2117.677620283292;2118.188902978659;2118.704292362342;2119.2237884343413;2119.7473911946568;2120.2751006432886;2120.8069167802364;2121.3428396055006;2121.882869119081;2122.4270053209775;2122.9752482111903;2123.527597789719;2124.084054056564;2124.6446170117256;2125.209286655203;2125.7780629869967;2126.350946007107;2126.927935715533;2127.5090321122752;2128.0942351973335;2128.683544970708;2129.2769614323993;2129.8744845824062;2130.4761144207296;2131.0818509473693;2131.691694162325;2132.305644065597;
    DUE_DATES:10000.0;10108.118199890609;12192.071365862099;12279.307103699743;12378.193290914807;12411.895906284577;12415.283154232719;14100.046689662067;14103.049664183414;14173.494934501077;14314.623419404765;14357.223623487609;16708.04798135818;16820.67267775002;19998.264196590866;20062.54157273445;20150.25107828073;20159.70809750315;20313.300283864675;20380.9388089123;20537.1893713627;22561.660724074358;22673.425677364354;22763.924359739518;22767.6306164208;22789.905741722265;22929.37967547919;22943.107243997005;22944.147228258644;24859.177594412227;24951.81774156449;24964.99435735695;28114.54083201757;28134.178025220877;28222.28095838417;28281.103816346604;28318.44421745954;30961.756057019098;31056.445854293095;31173.48568251127;31308.351664467897;31441.11637534284;31487.87629862872;31503.031914095518;31594.468260246154;31715.95168248774;31749.020754620935;31809.729039179525;31862.218252380157;31916.453159062923;35066.98758826304;35073.04630859697;35107.39949599556;35178.9854870816;35181.865708531244;35289.136887620465;37280.538314856916;37410.89483196061;37430.75729730682;37447.178872264274;37565.07336288477;37616.22808648851;37703.313999579696;37845.05775199409;37982.0297482428;38081.579188038944;40775.03401234465;40782.3078795147;40896.17869850713;40929.84287531452;41044.58188600322;41142.48489630364;41148.4723067396;41213.70063996709;41266.2166076246;41297.214876277125;41371.23480627792;41508.605457861806;44058.89293363015;44162.895293606445;44274.88714224191;44355.577212735174;44454.46145841933;44560.1334546505;44614.25183021369;44643.64097204707;44756.284277504135;44862.14941861491;44864.137812687804;44900.64296917426;45028.308753185025;45118.34606481978;45128.130580988;45249.65474457819;45357.60354356107;47106.174310121954;47111.68827977131;49640.818224375056;49672.87410595137;49795.475023678555;49900.947949921545;50031.30245363211;50101.78711869942;50234.02472747102;50243.4416794386;50364.16278818293;50452.23354366222;50547.59579847651;50615.75602401131;50688.82790374169;50806.10336665242;50825.49353326197;50880.06973083981;52722.15209129588;52829.60713511235;52843.277847731304;52924.50015185094;53001.07364475069;53033.53272829992;55097.84592010829;55195.90738835668;55214.43873487093;55244.59446071032;55279.30620783898;55358.30915967217;55404.617659257055;55531.34901258658;55624.04786067395;55772.28314832225;55804.419705707296;55909.28212794998;56013.404024267606;56111.97793198614;58525.761714444714;61286.83227945425;61435.4509991832;61483.74715065533;63390.48686649736;63484.60098406546;63560.8336968024;63720.01998910695;63819.41119909044;63937.90854362711;66892.41814945947;67008.18136401914;67098.09775613862;67258.57004287008;67335.01363065201;67406.92710494752;67467.49697880239;
