# AG41 CHALLENGE 2012 INSTANCE FILE
NBR_PRODUCT:200
  CUSTOMER_HOLDING_COSTS:0.09741684745767985;
    TRANSPORTER_CAPACITY:100
    TRANSPORTER_DELIVERY_TIMES:181.91011119987363
    TRANSPORTER_DELIVERY_COSTS:573.1657345549565
  SUPPLIER_SETUP_TIMES:5.0
  SUPPLIER_SETUP_COSTS:2408.1568750586916
  SUPPLIER_PRODUCTION_TIMES:1.0
  SUPPLIER_HOLDING_COSTS:0.0945490291437995
    SUPPLIER_PRODUCTION_HOLDING_COSTS:0.0945490291437995;2408.2041495732637;2408.345973116979;2408.582345689839;2408.913267291842;2409.338737922989;2409.85875758328;2410.4733262727145;2411.1824439912934;2411.9861107390157;2412.8843265158816;2413.8770913218914;2414.9644051570453;2416.1462680213426;2417.422679914784;2418.793640837369;2420.259150789098;2421.8192097699707;2423.4738177799873;2425.2229748191476;2427.0666808874516;2429.0049359848995;2431.037740111491;2433.1650932672264;2435.386995452106;2437.703446666129;2440.114446909296;2442.6199961816064;2445.220094483061;2447.9147418136595;2450.7039381734016;2453.587683562287;2456.565977980317;2459.6388214274903;2462.806213903808;2466.068155409269;2469.4246459438737;2472.8756855076226;2476.421274100515;2480.0614117225514;2483.796098373731;2487.625334054055;2491.549118763523;2495.567452502134;2499.6803352698894;2503.8877670667885;2508.1897478928313;2512.5862777480183;2517.0773566323487;2521.662984545823;2526.343161488441;2531.117887460203;2535.9871624611087;2540.950986491158;2546.0093595503513;2551.1622816386885;2556.4097527561694;2561.751772902794;2567.1883420785625;2572.7194602834747;2578.3451275175307;2584.0653437807305;2589.8801090730744;2595.7894233945617;2601.793286745193;2607.891699124968;2614.084660533887;2620.37217097195;2626.754230439156;2633.230838935506;2639.8019964610003;2646.467703015638;2653.22795859942;2660.0827632123455;2667.0321168544147;2674.076019525628;2681.2144712259847;2688.4474719554855;2695.7750217141297;2703.197120501918;2710.7137683188503;2718.3249651649257;2726.0307110401454;2733.831005944509;2741.725849878016;2749.7152428406675;2757.7991848324623;2765.977675853401;2774.2507159034835;2782.6183049827096;2791.08044309108;2799.6371302285934;2808.288366395251;2817.0341515910527;2825.874485815998;2834.809369070087;2843.83880135332;2852.9627826656965;2862.181313007217;2871.494392377881;2880.9020207776894;2890.404198206641;2900.000924664737;2909.692200151976;2919.4780246683595;2929.358398213886;2939.333320788557;2949.402792392372;2959.5668130253302;2969.8253826874325;2980.1785013786784;2990.6261690990686;3001.168385848602;3011.8051516272794;3022.536466435101;3033.3623302720657;3044.2827431381747;3055.2977050334275;3066.4072159578236;3077.611275911364;3088.909884894048;3100.303042905876;3111.7907499468474;3123.373006016963;3135.0498111162224;3146.8211652446253;3158.6870684021724;3170.647520588863;3182.7025218046974;3194.8520720496754;3207.0961713237975;3219.4348196270635;3231.8680169594727;3244.3957633210266;3257.018058711724;3269.734903131565;3282.5462965805496;3295.452239058678;3308.4527305659503;3321.547771102367;3334.7373606679266;3348.0214992626306;3361.4001868864784;3374.8734235394695;3388.441209221605;3402.103543932884;3415.8604276733067;3429.7118604428733;3443.657842241584;3457.6983730694383;3471.833452926436;3486.063081812578;3500.3872597278632;3514.805986672293;3529.3192626458663;3543.9270876485834;3558.6294616804444;3573.4263847414486;3588.317856831597;3603.3038779508893;3618.3844480993253;3633.559567276905;3648.8292354836285;3664.1934527194962;3679.6522189845073;3695.2055342786625;3710.853398601961;3726.595811954404;3742.43277433599;3758.3642857467203;3774.390346186595;3790.5109556556126;3806.726114153774;3823.035821681079;3839.4400782375287;3855.9388838231216;3872.5322384378587;3889.220142081739;3906.0025947547633;3922.8795964569317;3939.851147188244;3956.9172469486994;3974.077895738299;3991.3330935570425;4008.6828404049297;4026.1271362819607;4043.6659811881354;4061.2993751234544;4079.0273180879167;4096.849810081523;4114.766851104273;4132.778441156166;4150.884580237204;4169.085268347386;4187.380505486711;4205.77029165518;4224.254626852793;4242.833511079549;4261.50694433545;4280.274926620494;4299.137457934682;
    DUE_DATES:10000.0;10021.043061402022;10186.5204386403;10311.30817443183;10393.105428996401;10517.209864955208;10555.018848051532;14081.316902307319;14169.95200269595;14309.533565394473;14353.417027187792;14401.167307650518;14497.160780424865;14510.473121095663;14589.105597668147;14747.952554667874;14748.31608033556;14819.722207152417;15004.19714985064;15031.80548947134;15219.492581026689;15395.997791947668;15552.431100145759;15716.835877759884;15872.385466799484;16052.311528752098;16105.813198847072;18148.878286550153;18160.60646724652;18194.993714447934;18282.278876655575;20879.886297092326;21010.626085126492;21068.907225478288;21176.087414779926;21312.597165318006;21468.88058149591;21657.576995741976;21740.19199714527;21927.774017347023;22024.495394136145;25230.979048964316;27182.180921796124;29746.565925021663;29817.55985305189;29914.783952039223;30060.032542818233;30071.638508824402;30106.250359908754;30259.84993032391;30421.464107186282;30474.843658587633;30581.465142034285;30642.600736824905;30652.17011469917;30659.596548982612;30746.28332113423;30918.29307982485;31011.583570311745;31084.95632782714;31096.639199203804;31155.730544987404;31254.021135436848;31323.726947087278;31381.172745388245;34171.33528409538;37247.630767582086;37328.204223349305;39503.930869539865;39562.59983912595;39750.94049903734;39804.25339136953;39853.67046359011;40038.19906643201;40081.04246869557;40170.83320385509;40318.50736190317;40328.0934189356;40366.45531479203;40375.341810912454;40435.54163827103;40466.33093170064;40512.949488420236;40530.65092513343;40601.60961792194;40781.83340764506;40964.15588274332;40993.480760501334;41140.72607668372;41226.21128837222;41312.43338222103;41438.673344834424;41607.24652107239;41649.19779649851;41797.93946423023;41977.64038493926;42098.51639033682;42262.426315103636;42430.89737095698;45167.53596275514;45288.45189728327;45431.202635202826;45490.231018516904;45528.334129606366;49248.7645812736;49257.441301618455;49340.50641044301;49487.30158551234;49553.00240830455;52159.436570656755;52188.86955571851;52209.771843253;52359.09388233674;52513.57630329057;52523.35881800081;54432.73500449622;54619.24463293906;54787.66093720087;54904.77331067156;54955.71749597969;55139.3645615972;55298.78655871078;55314.82590958972;58394.52050584248;58554.853257812894;58635.002896990365;58783.81126592215;58793.979002557266;58910.26201976616;59066.61597511685;59117.92801013295;59126.0402765811;59196.63844043509;59314.68361435077;59408.32298093703;59589.4721771917;59675.008365212656;63053.173418425686;63208.096532940865;63317.97190120566;65659.85831929569;65687.91356281721;68872.96632376192;68944.03830753002;69084.74148123966;69254.73598023753;69281.42632172398;69316.10247155582;69353.04978668274;69536.86238814243;69656.46812460343;69716.09050397488;69750.84851819006;69827.08570094661;69961.02476108471;70012.66083487064;70042.83228197767;70047.19332052537;72992.90953458339;73099.22047941425;73156.49813362086;73171.12482416988;73273.50262790431;75784.02798670859;75795.6225112887;75912.80930847637;75934.51911700275;76082.2388641521;76249.34452759696;76396.44187475553;76551.779132192;76672.82560793239;76851.18225259933;76896.23298984296;76944.09425701221;76955.26963208015;77120.52388716482;77224.12961941963;77250.0020557718;77394.88781439705;80829.51925293177;80845.64057267994;81029.01294334374;81102.36065090811;81159.90520635441;81308.75675807089;81469.98493403007;81502.46929743339;81647.70082736664;81835.60916117232;81917.28871096848;82029.56320868533;82164.04840857447;82352.09766706193;82374.26557520701;82480.8429082923;85923.1098652438;85948.6073093848;86133.61448566294;86171.92619141187;
