# AG41 CHALLENGE 2012 INSTANCE FILE
NBR_PRODUCT:150
  CUSTOMER_HOLDING_COSTS:0.07735127377913009;
    TRANSPORTER_CAPACITY:75
    TRANSPORTER_DELIVERY_TIMES:185.2710194937048
    TRANSPORTER_DELIVERY_COSTS:860.5874425148763
  SUPPLIER_SETUP_TIMES:5.0
  SUPPLIER_SETUP_COSTS:2626.142501527619
  SUPPLIER_PRODUCTION_TIMES:1.0
  SUPPLIER_HOLDING_COSTS:0.0765822396237785
    SUPPLIER_PRODUCTION_HOLDING_COSTS:0.0765822396237785;2626.1807926474307;2626.2956660068667;2626.487121605926;2626.7551594446095;2627.0997795229164;2627.520981840847;2628.0187663984016;2628.59313319558;2629.244082232382;2629.971613508808;2630.7757270248576;2631.656422780531;2632.6137007758284;2633.6475610107495;2634.758003485294;2635.9450281994627;2637.2086351532553;2638.548824346671;2639.9655957797113;2641.458949452375;2643.028885364662;2644.6754035165736;2646.3985039081085;2648.198186539267;2650.0744514100497;2652.027298520456;2654.056727870486;2656.16273946014;2658.345333289418;2660.6045093583193;2662.9402676668446;2665.352608214994;2667.8415310027663;2670.407036030163;2673.0491232971835;2675.7677928038274;2678.5630445500956;2681.434878535987;2684.383294761503;2687.408293226642;2690.509873931405;2693.6880368757916;2696.942782059802;2700.274109483437;2703.682019146695;2707.166511049577;2710.727585192082;2714.3652415742117;2718.079480195965;2721.870301057342;2725.737704158343;2729.6816894989674;2733.702257079216;2737.799406899088;2741.973138958584;2746.2234532577036;2750.5503497964473;2754.9538285748145;2759.4338895928054;2763.9905328504205;2768.623758347659;2773.3335660845214;2778.1199560610075;2782.9829282771175;2787.922482732851;2792.9386194282088;2798.03133836319;2803.200639537795;2808.4465229520238;2813.7689886058765;2819.1680364993526;2824.643666632453;2830.1958790051767;2835.8246736175247;2841.530050469496;2847.312009561091;2853.1705508923105;2859.1056744631533;2865.11738027362;2871.20566832371;2877.3705386134243;2883.6119911427622;2889.930025911724;2896.3246429203095;2902.795842168519;2909.343623656352;2915.9679873838086;2922.6689333508893;2929.446461557594;2936.300572003922;2943.231264689874;2950.2385396154496;2957.3223967806493;2964.4828361854725;2971.7198578299194;2979.0334617139906;2986.423647837685;2993.8904162010035;3001.4337668039457;3009.0536996465116;3016.7502147287014;3024.523312050515;3032.372991611952;3040.299253413013;3048.302097453698;3056.381523734007;3064.537532253939;3072.7701230134953;3081.079296012675;3089.465051251479;3097.9273887299064;3106.466308447958;3115.081810405633;3123.7738946029317;3132.5425610398543;3141.3878097164006;3150.3096406325712;3159.308053788365;3168.3830491837825;3177.534626818824;3186.7627866934895;3196.0675288077787;3205.4488531616917;3214.906759755228;3224.4412485883886;3234.052319661173;3243.7399729735807;3253.5042085256127;3263.345026317268;3273.2624263485473;3283.2564086194507;3293.3269731299774;3303.474119880128;3313.6978488699024;3323.9981600993005;3334.3750535683225;3344.8285292769683;3355.358587225238;3365.9652274131313;3376.6484498406485;3387.408254507789;3398.244641414554;3409.1576105609424;3420.1471619469544;3431.2132955725906;3442.35601143785;3453.575309542734;3464.871189887241;3476.243652471372;3487.692697295127;
    DUE_DATES:10000.0;10137.418204361595;10254.348131624934;10400.648345342972;10485.475787201914;10531.080422165944;10705.795458827946;10820.662915801771;10990.802866219106;11070.025335290557;11076.077115585882;11242.738828150821;11354.657673694162;11387.07005203623;11395.864360287498;11566.208641703013;11739.535944347928;11837.567174330588;11895.834322124312;15255.693836735638;15443.4426998414;15526.114995836422;15622.691043871999;15747.860944367103;15763.693266551812;15814.518737518001;15926.974040850964;15964.84538552375;16122.74273888909;16155.568697540848;16306.243700627363;18601.36720871517;18650.84147494875;18739.581286815206;18827.112974301766;18856.203228261304;19021.4546032042;19189.289461331566;19285.735240361053;21253.516635149997;23595.550675876908;25603.404022803905;25718.593313380305;25835.48910336668;26001.663428785087;29394.250870859858;29488.01808036894;29517.66764388277;29595.35578558523;29760.389157679765;29949.865149900514;29972.404760248824;30004.665749759217;30112.960595009707;30236.123252689704;30325.956171591803;30483.94420231794;30486.204425049484;30674.41225300272;30780.41282706515;30923.091384213578;30931.869437410984;31113.125691381367;31239.643374342984;31243.956127839832;31321.008917129824;31492.22710428939;31639.151519611863;31731.24508150434;31766.38714175319;31806.952216117592;33892.41827853545;33923.28531917953;34104.66050504137;37009.09031057628;39676.83330259424;39846.018055033695;39856.359461190244;40044.98670482255;40090.28347117843;40109.06496243026;40274.66121058261;40301.50290425362;40398.69523575442;42306.11439195476;42334.8488606431;42386.31485671018;42407.586396570034;42538.7157871043;42660.693800154324;45352.2380690655;48147.958197361404;48304.30882701291;48423.23623702;48479.62588969494;48529.02941443155;48715.05882477614;48740.68392580121;52235.63228211093;52356.47391195865;52515.13686102094;52686.71589893197;54877.99151427999;55016.0599093628;55148.89417690703;55216.789264615865;55227.56830469604;55278.02686995433;55302.280909645386;55339.44752697093;55439.74947308892;55546.55915967146;55662.96449848847;55730.234237153054;55861.224680756204;55904.83925119623;56014.90399372256;56093.616601703725;56129.85231564941;56195.62686097638;56230.10004618929;56372.78730784076;56392.06782285906;56577.71978535524;56698.149855988515;56882.62222531896;57011.71840701921;57055.57876914059;57068.6627796276;57152.998210201215;57271.90368974636;57324.59444254438;57354.288108608846;57539.870860622796;57671.2456382844;57671.8180537221;57856.95015650188;58033.85585228071;58175.85482874019;58219.32155699747;58384.72971288067;58448.40138643307;58578.10401022477;61744.02786720686;61801.0060178438;61951.314217860905;62092.49485177116;62099.875321526844;62266.99681234735;62310.4254240787;
