# AG41 CHALLENGE 2012 INSTANCE FILE
NBR_PRODUCT:200
  CUSTOMER_HOLDING_COSTS:0.017671758718560738;
    TRANSPORTER_CAPACITY:100
    TRANSPORTER_DELIVERY_TIMES:163.4092294689713
    TRANSPORTER_DELIVERY_COSTS:899.6466911601137
  SUPPLIER_SETUP_TIMES:5.0
  SUPPLIER_SETUP_COSTS:1513.8953708879644
  SUPPLIER_PRODUCTION_TIMES:1.0
  SUPPLIER_HOLDING_COSTS:0.016710889911617267
    SUPPLIER_PRODUCTION_HOLDING_COSTS:0.016710889911617267;1513.9037263329203;1513.9287926677875;1513.9705698925668;1514.0290580072574;1514.1042570118595;1514.1961669063735;1514.304787690799;1514.430119365136;1514.572161929385;1514.7309153835454;1514.9063797276171;1515.098554961601;1515.307441085496;1515.533038099303;1515.7753460030215;1516.0343647966515;1516.3100944801931;1516.6025350536463;1516.9116865170113;1517.2375488702878;1517.5801221134761;1517.9394062465758;1518.3154012695873;1518.7081071825103;1519.1175239853449;1519.543651678091;1519.986490260749;1520.4460397333185;1520.9223000957995;1521.4152713481922;1521.9249534904966;1522.4513465227124;1522.99445044484;1523.5542652568793;1524.13079095883;1524.7240275506924;1525.3339750324665;1525.960633404152;1526.6040026657492;1527.2640828172582;1527.9408738586787;1528.6343757900108;1529.3445886112545;1530.07151232241;1530.815146923477;1531.5754924144555;1532.3525487953457;1533.1463160661476;1533.956794226861;1534.783983277486;1535.6278832180226;1536.488494048471;1537.3658157688308;1538.2598483791023;1539.1705918792854;1540.0980462693803;1541.0422115493866;1542.0030877193046;1542.9806747791342;1543.9749727288754;1544.9859815685284;1546.0137012980929;1547.058131917569;1548.1192734269566;1549.1971258262558;1550.2916891154669;1551.4029632945894;1552.5309483636236;1553.6756443225693;1554.8370511714268;1556.0151689101958;1557.2099975388765;1558.4215370574686;1559.6497874659724;1560.894748764388;1562.156420952715;1563.4348040309537;1564.7298979991042;1566.041702857166;1567.3702186051396;1568.7154452430248;1570.0773827708217;1571.45603118853;1572.85139049615;1574.2634606936817;1575.6922417811252;1577.13773375848;1578.5999366257465;1580.0788503829247;1581.5744750300144;1583.0868105670156;1584.6158569939287;1586.1616143107533;1587.7240825174895;1589.3032616141372;1590.8991516006968;1592.5117524771679;1594.1410642435505;1595.7870868998448;1597.4498204460508;1599.1292648821682;1600.8254202081976;1602.5382864241383;1604.2678635299906;1606.0141515257546;1607.7771504114303;1609.5568601870175;1611.3532808525163;1613.1664124079268;1614.996254853249;1616.8428081884826;1618.706072413628;1620.586047528685;1622.4827335336533;1624.3961304285335;1626.3262382133255;1628.2730568880288;1630.236586452644;1632.2168269071706;1634.2137782516088;1636.2274404859586;1638.2578136102202;1640.3048976243933;1642.368692528478;1644.4491983224743;1646.5464150063822;1648.6603425802018;1650.790981043933;1652.938330397576;1655.1023906411303;1657.2831617745965;1659.4806437979742;1661.6948367112634;1663.9257405144642;1666.1733552075768;1668.437680790601;1670.7187172635367;1673.016464626384;1675.3309228791431;1677.6620920218136;1680.0099720543958;1682.3745629768896;1684.7558647892952;1687.1538774916123;1689.568601083841;1692.0000355659813;1694.4481809380331;1696.9130371999968;1699.394604351872;1701.8928823936587;1704.407871325357;1706.9395711469672;1709.4879818584886;1712.0531034599219;1714.634935951267;1717.2334793325233;1719.8487336036915;1722.4806987647712;1725.1293748157625;1727.7947617566654;1730.47685958748;1733.1756683082062;1735.891187918844;1738.6234184193934;1741.3723598098545;1744.1380120902272;1746.9203752605115;1749.7194493207073;1752.5352342708147;1755.367730110834;1758.2169368407647;1761.082854460607;1763.965482970361;1766.8648223700266;1769.7808726596038;1772.7136338390926;1775.663105908493;1778.6292888678051;1781.6121827170289;1784.6117874561642;1787.628103085211;1790.6611296041697;1793.7108670130397;1796.7773153118214;1799.860474500515;1802.96034457912;1806.0769255476366;1809.2102174060647;1812.3602201544045;1815.526933792656;1818.710358320819;1821.9104937388938;1825.1273400468801;1828.3608972447782;1831.6111653325877;1834.878144310309;1838.1618341779417;1841.462234935486;1844.7793465829423;1848.1131691203097;
    DUE_DATES:10000.0;10139.801260076143;10256.99146534448;10352.604362480579;10436.737184337451;10483.228670003793;10582.498521666334;10722.115479439315;10783.130751181172;10804.421063237747;10895.1313658777;11028.597984096335;11118.081616202047;11152.365105762014;11226.298877830279;11380.138851877737;11380.855481976352;11416.242470916006;11467.769983253207;13427.736345239418;13564.109404652621;13673.793490864764;13798.228395644088;13828.09028186909;13936.323317869634;14003.236126998192;14051.439270673636;14092.012961868018;14203.221376131005;14258.950161073928;14286.862768916993;14310.980402564282;14321.327735414792;14474.69621740377;14547.109069681399;14695.783775004953;14798.24167055107;14919.579499197362;14988.06972840372;15000.376756810329;15133.352766821383;15211.104025066918;15266.696197419335;15354.302611077868;15423.0049616142;15579.951052390212;15641.684159667737;15765.61504204353;15852.64850603858;15999.6458548597;16020.85285619486;16178.706852168429;17801.827144663002;17937.585090665987;17952.316667565254;18014.768812727823;18164.690057827607;18200.739332856047;18353.38845915474;18359.443160093542;18388.191513546062;20594.463195429074;20696.272189274656;23007.092564185696;23009.73488585667;25585.21761485;27752.784713645302;27796.381208593128;27837.87186719242;27974.43366683603;28010.28839103456;28114.47956746905;28197.019913968565;28294.171583366046;28317.13140372412;28467.973088042807;28540.561045610946;28549.41509093395;28704.697245567106;28709.042955946657;28740.706844342734;28835.182104659525;28873.233030682135;28940.208578505426;28979.04429159448;29005.87943466507;29152.491145162687;29277.459605310352;29358.21532842925;29387.87603140775;29544.45644363734;29649.936421990416;29713.513991974585;29846.769248389974;29969.448109812864;30048.073155818965;30056.940223840695;30072.508115381188;30139.385187665695;30174.617289200127;30188.749416292016;30328.037771634867;30464.504887289015;30475.439900971796;30554.03674364819;33509.96007165041;33522.65370935875;33569.881631912634;33664.726334295716;33689.88843006757;33820.454472510464;33820.56245454481;35690.12190195561;35837.22945663333;35947.70672942114;35994.63768173843;36010.40175512631;36036.81446120808;36119.06873960051;36181.17349832374;36213.02998098558;39118.3545607034;39180.61964298861;39252.86548573381;39269.80973231115;39375.57459750365;39479.782121220705;41494.01703975267;41548.24308721436;41632.26681185244;44674.31300380073;44831.430012355544;44979.80122871636;44990.43782117927;45091.26939131761;45198.780176163054;45234.527143752035;45378.32032262923;45409.01973067233;47416.54252703085;47542.05723715366;47698.32636391175;47718.5466492283;47735.34449650148;47807.56506359201;47877.61525403151;47891.79467219895;50316.509832909986;50317.014798700984;50371.49660173086;50513.23524257089;50613.596846739376;50616.1532750411;50774.722315317704;50835.21892984544;50937.399185980496;51066.33365519802;51194.38560425858;51233.6163057767;51290.82715898517;51384.21379777312;51522.09510949361;51662.04054176398;51728.50887585377;51760.79360232951;51871.513355823474;52011.36600690297;52124.56338966091;52143.8684515373;55064.8012254144;55218.70952324487;55359.04304705128;55435.02105971092;55467.839220892994;55506.370014372216;55651.922123553304;55710.6537006874;55799.9819741517;55817.108109927365;55841.63828356872;55964.69242247788;55997.2201718338;56045.264726682035;56098.31093507048;56203.71229142779;56359.50637544876;56495.10024995296;56553.6430670234;56597.11527011434;56629.87187261609;56774.60636466223;56786.383617009815;56881.86273366947;57037.33806068344;57157.419026978285;57166.60387069737;57245.64121748139;57249.286435610695;59547.63954954266;59604.21988221916;
