# AG41 CHALLENGE 2012 INSTANCE FILE
NBR_PRODUCT:150
  CUSTOMER_HOLDING_COSTS:0.025720374138146398;
    TRANSPORTER_CAPACITY:21
    TRANSPORTER_DELIVERY_TIMES:147.0390213760249
    TRANSPORTER_DELIVERY_COSTS:618.6263457611635
  SUPPLIER_SETUP_TIMES:5.0
  SUPPLIER_SETUP_COSTS:27524.152448193632
  SUPPLIER_PRODUCTION_TIMES:1.0
  SUPPLIER_HOLDING_COSTS:0.023496123908297074
    SUPPLIER_PRODUCTION_HOLDING_COSTS:0.023496123908297074;27524.164196255588;27524.199440441447;27524.258180751218;27524.3404171849;27524.446149742485;27524.575378423982;27524.728103229387;27524.9043241587;27525.10404121192;27525.327254389045;27525.573963690083;27525.84416911503;27526.137870663882;27526.455068336647;27526.795762133315;27527.159952053895;27527.547638098382;27527.958820266776;27528.39349855908;27528.851672975292;27529.333343515413;27529.83851017944;27530.367172967377;27530.91933187922;27531.494986914975;27532.094138074637;27532.716785358207;27533.362928765684;27534.032568297072;27534.725703952365;27535.442335731568;27536.18246363468;27536.9460876617;27537.733207812627;27538.543824087465;27539.37793648621;27540.23554500886;27541.11664965542;27542.021250425893;27542.94934732027;27543.900940338557;27544.87602948075;27545.874614746852;27546.896696136864;27547.942273650784;27549.01134728861;27550.103917050346;27551.21998293599;27552.359544945542;27553.522603079004;27554.709157336372;27555.91920771765;27557.152754222836;27558.40979685193;27559.69033560493;27560.994370481843;27562.32190148266;27563.67292860739;27565.047451856022;27566.445471228566;27567.866986725017;27569.31199834538;27570.780506089646;27572.272509957824;27573.78800994991;27575.3270060659;27576.889498305805;27578.475486669617;27580.084971157332;27581.71795176896;27583.374428504496;27585.054401363937;27586.75787034729;27588.48483545455;27590.235296685718;27592.009254040793;27593.80670751978;27595.627657122674;27597.47210284947;27599.340044700184;27601.2314826748;27603.14641677333;27605.08484699576;27607.046773342103;27609.032195812357;27611.041114406515;27613.073529124584;27615.129439966557;27617.208846932444;27619.311750022236;27621.438149235935;27623.588044573546;27625.761436035064;27627.95832362049;27630.178707329822;27632.422587163066;27634.689963120214;27636.980835201273;27639.295203406244;27641.633067735118;27643.9944281879;27646.379284764593;27648.787637465193;27651.2194862897;27653.67483123812;27656.153672310444;27658.656009506678;27661.18184282682;27663.73117227087;27666.30399783883;27668.900319530698;27671.52013734647;27674.163451286156;27676.830261349747;27679.520567537245;27682.234369848655;27684.97166828397;27687.732462843196;27690.516753526328;27693.32454033337;27696.155823264322;27699.01060231918;27701.888877497946;27704.79064880062;27707.715916227204;27710.664679777696;27713.636939452095;27716.632695250402;27719.651947172617;27722.694695218743;27725.760939388776;27728.850679682717;27731.963916100565;27735.100648642325;27738.26087730799;27741.444602097563;27744.651823011045;27747.88254004844;27751.136753209736;27754.414462494944;27757.71566790406;27761.040369437083;27764.388567094014;27767.760260874857;27771.155450779606;27774.574136808264;27778.01631896083;27781.4819972373;27784.971171637684;27788.483842161975;
    DUE_DATES:10000.0;10069.939040235946;10122.040292305779;10279.205909226037;10556.795641684432;10830.685288074397;14723.20554153571;14933.037517436967;15138.664192975106;15366.516130291911;15522.053473206242;21183.914550154474;25552.361416769672;25788.621590453546;25916.494024535074;26061.026849443533;26303.866314546147;26574.91167914301;26858.193968113872;26927.634540066887;27183.613889003722;27276.793135356653;31799.706033098893;31808.22865947931;32038.336945773244;32196.900727855085;32440.648904200836;32522.82984037975;32612.006179585012;32735.256599669516;32779.07723995268;32863.87418769498;33001.906234155686;33071.87984627167;33206.77388364237;33245.62777396015;33318.23877230046;33595.221675781664;33758.330139645004;33968.80490337984;34158.55996516208;34407.71794920627;34525.986637808535;34731.84716053558;34763.74372918435;34838.13478563876;34922.99601228318;35170.10877829567;35450.95067336765;35590.1716157982;35660.084588135534;35789.00991636169;35942.89867148254;36079.60191891639;36228.02769588894;36460.65681049829;36695.168445153606;36769.669443376995;36871.790766730766;42122.53697658031;42131.386654609625;42229.56675574265;42299.79739372064;42372.6338578323;42554.865360007745;42830.55939345426;42940.62214108514;43181.84643620442;43222.81762134279;43362.85971377758;43406.94637194321;43457.53085019247;43533.20073897037;43663.28635975012;43852.54756645189;43917.924522721536;44191.18204835968;44231.68860458403;44459.03566481541;44481.54726708146;44657.555966144966;44828.44865434678;44906.383941374384;45090.8124099725;48538.48692396977;48681.42095038457;48856.34778135818;48857.754096603654;48964.36920309577;49046.083780458626;49084.281106245566;49318.86491130283;49489.08052354774;49613.16451446772;49680.346040825985;49958.52372336019;49977.59643724957;55338.53082280494;55532.64269527501;55631.02506759943;55858.95847575946;56107.43847697095;56289.08388618616;56378.51922352399;56417.09123466607;56627.275317560634;56799.888860970175;56970.22145765884;57168.410622806885;57307.294765614824;57477.92376347104;57562.602538581545;57681.26283159305;57719.79594767284;57761.080197875846;57858.23619094283;57928.10389125664;57960.98481508391;58235.6607920316;58450.756890307835;58614.10776867529;58701.0752557238;58830.06501331714;62776.47013232657;62941.979385233375;63065.54988431316;63135.42935706713;63137.40143504312;63411.99321611954;63672.58566975249;63827.961382327965;64095.06473035073;64321.77256033951;68305.48525938859;68308.54297118343;68499.24857808299;68630.3422307698;68791.24106268698;68874.46401063241;68881.9270676579;69139.7959264697;69405.7278221931;69582.51688299446;69834.95341561656;70031.47064316805;70253.45034808667;70533.1125628433;70701.0336541266;70847.35994180311;70948.51258928106;
