# AG41 CHALLENGE 2012 INSTANCE FILE
NBR_PRODUCT:100
  CUSTOMER_HOLDING_COSTS:0.01931036622310194;
    TRANSPORTER_CAPACITY:50
    TRANSPORTER_DELIVERY_TIMES:150.72501720143873
    TRANSPORTER_DELIVERY_COSTS:552.7393976708056
  SUPPLIER_SETUP_TIMES:5.0
  SUPPLIER_SETUP_COSTS:2663.411957255308
  SUPPLIER_PRODUCTION_TIMES:1.0
  SUPPLIER_HOLDING_COSTS:0.01889919637205052
    SUPPLIER_PRODUCTION_HOLDING_COSTS:0.01889919637205052;2663.4214068534943;2663.4497556480524;2663.4970036389823;2663.5631508262845;2663.6481972099587;2663.752142790005;2663.8749875664234;2664.0167315392137;2664.177374708376;2664.3569170739106;2664.5553586358174;2664.772699394096;2665.0089393487465;2665.2640784997693;2665.538116847164;2665.8310543909306;2666.1428911310695;2666.4736270675803;2666.8232622004634;2667.1917965297184;2667.5792300553453;2667.9855627773445;2668.4107946957156;2668.8549258104586;2669.317956121574;2669.799885629061;2670.3007143329205;2670.820442233152;2671.3590693297556;2671.9165956227307;2672.4930211120786;2673.088345797798;2673.7025696798896;2674.335692758353;2674.987715033189;2675.658636504397;2676.348457171977;2677.057177035929;2677.7847960962526;2678.5313143529484;2679.2967318060164;2680.0810484554568;2680.884264301269;2681.706379343453;2682.547393582009;2683.4073070169375;2684.286119648238;2685.18383147591;2686.1004424999546;2687.0359527203714;2687.99036213716;2688.9636707503205;2689.9558785598533;2690.966985565758;2691.9969917680346;2693.0458971666835;2694.1137017617043;2695.200405553097;2696.306008540862;2697.4305107249993;2698.573912105508;2699.736212682389;2700.9174124556425;2702.117511425268;2703.336509591265;2704.574406953634;2705.8312035123754;2707.106899267489;2708.401494218974;2709.714988366832;2711.0473817110615;2712.398674251663;2713.7688659886367;2715.1579569219825;2716.5659470517003;2717.99283637779;2719.438624900252;2720.9033126190857;2722.386899534292;2723.88938564587;2725.41077095382;2726.951055458142;2728.510239158836;2730.0883220559026;2731.6853041493405;2733.301185439151;2734.935965925333;2736.5896456078876;2738.2622244868144;2739.9537025621125;2741.6640798337835;2743.393356301826;2745.1415319662406;2746.908606827027;2748.694580884186;2750.499454137717;2752.32322658762;2754.165898233895;2756.027469076542;2757.9079391155606;
    DUE_DATES:10000.0;10153.638526668614;10266.309076663158;14586.125758220198;14660.160236175601;14726.500201994126;17825.672121556934;21037.077464201662;24923.6745997779;25012.85915217603;25148.894108406803;25351.378017302537;29582.37229871294;33450.55371671203;37082.27529550465;37273.79647737683;37446.704439610134;37593.822293370176;37620.88043257721;37667.702030165034;37677.62084904706;40533.39872406557;40541.05442723572;40622.34552794903;40800.00928732302;40892.12007156588;40999.99129113749;41097.15539843977;41174.58502837414;41236.51148931052;41348.056593554975;41375.55187583206;41558.85248562511;41639.2480993391;41655.44335559107;41725.6299688701;41818.413492954984;41869.47463790115;42058.7107894976;42277.545567755835;42294.409433659945;42331.61517059888;42524.26141901897;42592.195534575665;42609.78578574587;42631.422141976145;42747.728467387366;42803.94869366418;42864.48352656314;42998.07929541254;43071.560763528476;43173.75018737749;43287.477689990665;43475.43892409653;43685.608254083345;43801.687490410965;43841.59883618112;48003.0041529686;48205.29142152315;48265.136405052945;48267.353589112216;48325.67905650465;50814.89034230189;50846.808060451694;50946.412771140465;51108.42577164653;51239.53400156252;51463.312641541226;51529.98067087596;51572.93485825842;51634.812130483915;51829.44721345933;51988.10027708852;52039.0413597459;52050.55913374006;52224.29246649718;52273.07717407393;52484.16889348289;52687.470622465546;52745.56398477727;52924.81513954882;53094.35851553844;53130.488662578246;53205.189308826244;53422.63257709924;53627.34683665013;56675.6174882705;59310.019977025535;59399.316465754084;59544.860233610634;63185.39836813205;63301.70667190736;63489.5396967827;63683.911168140774;63713.977209811026;63937.663243897936;64097.91518563344;64250.280188353674;64292.06646744094;64341.77801292732;
