# AG41 CHALLENGE 2012 INSTANCE FILE
NBR_PRODUCT:150
  CUSTOMER_HOLDING_COSTS:0.07966761753452137;
    TRANSPORTER_CAPACITY:17
    TRANSPORTER_DELIVERY_TIMES:181.43253585606075
    TRANSPORTER_DELIVERY_COSTS:559.9365782575596
  SUPPLIER_SETUP_TIMES:5.0
  SUPPLIER_SETUP_COSTS:14830.539362930478
  SUPPLIER_PRODUCTION_TIMES:1.0
  SUPPLIER_HOLDING_COSTS:0.07693087630026252
    SUPPLIER_PRODUCTION_HOLDING_COSTS:0.07693087630026252;14830.577828368629;14830.693224683078;14830.88555187383;14831.154809940881;14831.500998884232;14831.924118703882;14832.424169399834;14833.001150972086;14833.655063420638;14834.38590674549;14835.193680946644;14836.078386024097;14837.04002197785;14838.078588807904;14839.194086514257;14840.386515096912;14841.655874555867;14843.00216489112;14844.425386102675;14845.925538190531;14847.502621154686;14849.15663499514;14850.887579711898;14852.695455304955;14854.58026177431;14856.541999119967;14858.580667341923;14860.696266440182;14862.888796414738;14865.158257265597;14867.504648992754;14869.927971596213;14872.428225075972;14875.00540943203;14877.659524664388;14880.390570773048;14883.198547758007;14886.083455619268;14889.045294356827;14892.084063970688;14895.19976446085;14898.39239582731;14901.661958070072;14905.008451189133;14908.431875184493;14911.932230056156;14915.509515804119;14919.16373242838;14922.894879928943;14926.702958305807;14930.58796755897;14934.549907688433;14938.588778694197;14942.704580576261;14946.897313334624;14951.166976969289;14955.513571480255;14959.93709686752;14964.437553131085;14969.01494027095;14973.669258287116;14978.400507179582;14983.208686948348;14988.093797593416;14993.055839114782;14998.09481151245;15003.210714786417;15008.403548936685;15013.673313963252;15019.02000986612;15024.44363664529;15029.944194300759;15035.521682832528;15041.176102240597;15046.907452524967;15052.715733685636;15058.600945722606;15064.563088635876;15070.602162425448;15076.718167091318;15082.911102633489;15089.18096905196;15095.527766346733;15101.951494517803;15108.452153565177;15115.029743488849;15121.684264288822;15128.415715965095;15135.224098517669;15142.109411946542;15149.071656251715;15156.110831433189;15163.226937490963;15170.419974425038;15177.689942235413;15185.036840922088;15192.460670485063;15199.961430924339;15207.539122239914;15215.19374443179;15222.925297499967;15230.733781444444;15238.619196265221;15246.581541962298;15254.620818535675;15262.737025985352;15270.93016431133;15279.20023351361;15287.547233592188;15295.971164547067;15304.472026378246;15313.049819085725;15321.704542669504;15330.436197129584;15339.244782465965;15348.130298678645;15357.092745767624;15366.132123732907;15375.248432574486;15384.441672292369;15393.71184288655;15403.058944357032;15412.482976703814;15421.983939926897;15431.561834026279;15441.216659001962;15450.948414853945;15460.757101582229;15470.642719186813;15480.605267667695;15490.64474702488;15500.761157258365;15510.95449836815;15521.224770354234;15531.57197321662;15541.996106955306;15552.497171570292;15563.075167061577;15573.730093429163;15584.46195067305;15595.270738793237;15606.156457789724;15617.119107662513;15628.1586884116;15639.275200036987;15650.468642538675;15661.739015916664;15673.086320170953;15684.510555301542;15696.011721308432;
    DUE_DATES:10000.0;10041.280023681022;13844.977830330536;18096.190369095886;18311.431599421314;22976.21160759629;23209.355779539936;23245.233059323222;23485.19589378064;23571.818543813883;23797.24527527604;27757.214076323744;28021.477437384336;28254.2675777443;28283.69524956937;31047.326675481796;31235.670940269796;35611.0002695544;35694.42685337279;35865.573783976244;36100.5390353342;36164.82820618313;36384.63431088304;36525.27493805673;36626.34125998939;36770.93507166258;36943.40050692914;37081.700294420254;37281.37620873859;37550.28021334647;37572.70648023749;37586.511861061736;37815.42957185408;37948.28083615238;38016.72438718634;38276.68337900304;38441.61192862624;38618.34479699553;38839.7784998183;38855.00206673908;38994.50204237638;39170.557066839676;39348.08969953781;39401.811805841164;42954.3712651826;43103.31156196785;43163.907781979666;43230.41474395099;43313.59387885974;43439.805670143156;43644.76127853407;43650.67332573701;43673.97172703086;43695.93832258658;43873.17826541819;43973.97886115821;44111.32872051224;44205.77969920265;44401.858625513974;44604.37957359875;44694.60369256965;44801.653525514;44818.15135558193;44823.53414614972;45080.54626871542;45343.749181847474;45549.56650299668;45671.03298762555;45903.49511703788;46160.555397684;46358.42612082609;46608.003921342766;46615.664275665826;46809.35383836482;50452.865041322744;50719.02579294168;50789.773484634774;50918.420904155675;51096.521782546326;51166.502664680134;51186.9877837082;51399.71556720148;51514.87158611332;51579.26317084074;51824.743379754815;52056.442762274026;52106.80075986194;52255.79667626362;52393.6839407824;52512.5289368788;55485.982479394734;58771.14678386801;59021.540419124176;59115.65537754503;62713.032964919264;66739.88791224906;70432.93375042749;70672.64119455629;70720.96611230356;70797.93478122569;71030.47417010243;71236.36219881522;71307.43507634629;71393.36858791369;71562.71956354396;71643.58048698406;71730.34070064296;71823.4171774592;71917.99894202768;72180.50351946664;72349.56012369407;72428.48038523832;72682.74848274906;72824.53243833398;73096.38869787163;73125.58288148655;73240.98871753462;73340.64085172428;73583.31963534691;77772.42023024113;80699.31573229237;80934.56930608061;80941.5191717603;81013.66526676879;81246.70314098851;81437.94490267929;81595.91929365092;81609.27059377928;81831.98808764403;81990.0115881501;82253.42601211852;87313.25471714577;87343.13296005495;87557.87548522503;87712.96003921772;87743.24914062784;92096.36774347533;92225.18262015424;92242.05980396771;92366.11013965638;92466.35697860084;96904.641717586;96954.27182109893;97176.36218028454;97320.35414892789;97361.973661208;100239.46419811441;100393.83505901239;100434.07602008205;100554.41410432491;
