# AG41 CHALLENGE 2012 INSTANCE FILE
NBR_PRODUCT:200
  CUSTOMER_HOLDING_COSTS:0.062404864331087016;
    TRANSPORTER_CAPACITY:100
    TRANSPORTER_DELIVERY_TIMES:114.43949558545592
    TRANSPORTER_DELIVERY_COSTS:912.4568175301994
  SUPPLIER_SETUP_TIMES:5.0
  SUPPLIER_SETUP_COSTS:2049.7133226822148
  SUPPLIER_PRODUCTION_TIMES:1.0
  SUPPLIER_HOLDING_COSTS:0.060243961037290225
    SUPPLIER_PRODUCTION_HOLDING_COSTS:0.060243961037290225;2049.7434446627335;2049.8338106042893;2049.9844205068825;2050.1952743705133;2050.466372195181;2050.797713980886;2051.189299727628;2051.641129435408;2052.153203104225;2052.725520734079;2053.358082324971;2054.0508878768997;2054.803937389866;2055.6172308638693;2056.49076829891;2057.424549694988;2058.4185750521033;2059.4728443702556;2060.5873576494455;2061.762114889673;2062.997116090937;2064.292361253239;2065.647850376578;2067.0635834609543;2068.539560506368;2070.075781512819;2071.672246480307;2073.3289554088324;2075.0459082983953;2076.823105148995;2078.6605459606326;2080.5582307333075;2082.5161594670194;2084.5343321617684;2086.6127488175553;2088.7514094343787;2090.95031401224;2093.209462551138;2095.528855051074;2097.908491512047;2100.348371934057;2102.848496317105;2105.4088646611895;2108.029476966312;2110.710333232471;2113.451433459668;2116.252777647902;2119.114365797173;2122.036197907482;2125.0182739788274;2128.060594011211;2131.163158004631;2134.325965959089;2137.549017874584;2140.832313751116;2144.1758535886856;2147.5796373872927;2151.0436651469367;2154.5679368676183;2158.1524525493373;2161.7972121920934;2165.5022157958865;2169.267463360717;2173.092954886585;2176.9786903734903;2180.924669821433;2184.9308932304125;2188.9973606004296;2193.124071931484;2197.311027223576;2201.558226476705;2205.865669690871;2210.2333568660747;2214.6612880023154;2219.1494630995935;2223.697882157909;2228.306545177262;2232.9754521576515;2237.704603099079;2242.4939980015433;2247.3436368650455;2252.2535196895847;2257.223646475161;2262.2540172217746;2267.3446319294258;2272.495490598114;2277.7065932278397;2282.9779398186024;2288.3095303704026;2293.7013648832403;2299.153443357115;2304.665765792027;2310.2383321879765;2315.871142544963;2321.564196862987;2327.3174951420483;2333.1310373821466;2339.0048235832824;2344.9388537454556;2350.933127868666;2356.9876459529137;2363.1024079981985;2369.277414004521;2375.51266397188;2381.8081579002774;2388.163895789711;2394.5798776401825;2401.0561034516913;2407.592573224237;2414.1892869578205;2420.8462446524413;2427.563446308099;2434.340891924794;2441.178581502527;2448.0765150412963;2455.0346925411036;2462.0531140019475;2469.1317794238294;2476.2706888067482;2483.4698421507046;2490.729239455698;2498.0488807217284;2505.428765948797;2512.868895136902;2520.3692682860446;2527.9298853962246;2535.550746467442;2543.2318514996964;2550.9732004929883;2558.7747934473173;2566.6366303626837;2574.558711239087;2582.541036076528;2590.583604875006;2598.686417634522;2606.8494743550746;2615.072775036665;2623.356319679292;2631.700108282957;2640.104140847659;2648.568417373398;2657.092937860175;2665.6777023079885;2674.3227107168395;2683.027963086728;2691.793459417654;2700.619199709617;2709.5051839626176;2718.451412176655;2727.4578843517297;2736.524600487842;2745.6515605849913;2754.8387646431784;2764.0862126624024;2773.3939046426635;2782.761840583962;2792.190020486298;2801.6784443496713;2811.227112174082;2820.8360239595295;2830.5051797060146;2840.234579413537;2850.024223082097;2859.874110711694;2869.784242302328;2879.7546178539997;2889.7852373667083;2899.8761008404545;2910.027208275238;2920.2385596710583;2930.5101550279164;2940.841994345812;2951.2340776247443;2961.686404864714;2972.1989760657216;2982.771791227766;2993.4048503508475;3004.0981534349667;3014.851700480123;3025.6654914863166;3036.5395264535473;3047.4738053818155;3058.468328271121;3069.5230951214635;3080.6381059328437;3091.8133607052614;3103.0488594387157;3114.3446021332074;3125.700588788737;3137.1168194053034;3148.593293982907;3160.1300125215485;3171.7269750212263;3183.3841814819425;3195.1016319036953;3206.8793262864856;3218.717264630313;3230.6154469351777;3242.5738732010796;3254.5925434280193;
    DUE_DATES:10000.0;10179.075202697422;10403.658592973257;10421.1560636457;10498.337502407496;10683.151098378232;10824.744705215293;11049.71223324239;11155.36721212952;11203.456243148214;11415.129955934257;11488.346469077029;15643.264092521058;15881.932986125252;15970.561725349406;16138.43075339183;16250.37262350535;16435.765622676077;16494.769150002503;16605.104090394274;16813.1142938142;16830.850546997288;16947.3432586724;17101.174341059508;17341.57170494788;21943.635935259303;22014.88722818372;22112.55310979863;22289.665617320297;22327.285692051875;22559.121901375354;22756.3266888445;22894.19048315623;27634.6856686638;27705.945152759028;27885.62970228853;28114.71150139413;28239.695388786797;28365.078665512927;28414.872925882646;28598.054310113374;28653.05146416824;28692.6889245949;28804.380084048007;28814.79760847423;28863.76381786013;28941.553869867195;29066.42303295578;29082.863546930905;29139.495381535326;29241.746449080303;31692.22720371062;31749.63327745241;31781.678918382677;34803.08114262774;34947.08261912948;35099.328372739576;35280.524256757424;35510.623202682786;35563.614409856054;35579.067595902976;35625.92274439395;35685.49994394475;35687.726429955714;35925.218014431775;35948.660869763575;38539.41643575819;38689.932000552086;38814.61000109784;43319.06592964148;43390.63892741217;46390.91844469202;46541.068267381095;46595.756438892444;46703.87737532589;46857.71246910169;46875.981348891226;47065.47981552281;47153.81367688313;47387.461243274185;47560.03005486407;47798.58899876951;47872.846169072625;47906.76285853631;47964.863788784816;48195.85163902843;48435.694208566136;48447.91276655152;48565.697057358186;48610.64012900363;48721.65170011734;48947.240148000026;49173.355384612485;53501.271302801426;58091.646312369616;58238.869877981764;58442.21187965935;58668.8493948274;58824.575975165055;58952.29810428713;59047.25793040169;59229.0096178691;59271.63801576819;59437.414722902184;63358.73470545095;63520.93048733355;63690.186903561385;63909.17674230906;64151.56909975571;66628.40824410856;66772.45708332339;66800.68694183584;66823.42163650463;66943.89631661285;66953.44670484698;67088.14163752124;67216.08614825123;67358.92279840307;67444.96824757483;67685.57144853738;67723.35007023136;67786.73029745115;68019.35328551443;68135.5304219602;68221.87851679578;68321.17743198512;68328.58125790163;68382.92116890219;68538.73107047314;68750.04391464172;68804.45455072077;68926.74643869625;68952.9693415289;68962.82701606373;68965.13818931814;69158.02331486912;69257.19676138286;69348.00846559448;69476.02368080325;69602.48757187622;72617.75005764475;72688.55433351587;72693.40999642084;72713.99911878718;72853.40497977597;72927.30331520305;72979.13758987703;72998.95247868706;75601.59510158391;78923.49714263945;78977.65964995742;79188.09433855995;79297.73442434499;79482.35388868686;83983.13341297537;84196.99908961669;84377.9639424103;84383.9959261811;84473.66269638808;84570.751422821;84735.27318316002;84917.56219511769;84944.73486392792;85093.04715946114;85250.45960630442;85306.42492431641;85433.44778661293;85476.22588050379;85483.36313493538;85554.29250565545;85664.84396488922;85836.2204478413;86020.36483933286;86219.21331616612;86426.36410543698;86615.85373387305;86722.3072352953;86906.71911625432;86943.05021608205;87053.28052718492;87159.48964987362;87319.30448852156;87559.22359518376;87652.21801541722;87818.98749092541;88058.78399229395;88082.15988975352;92932.11053897628;92972.7965721024;93172.0713075056;93279.03588737323;93368.23217725492;93441.91160432411;97405.61890084085;102198.10126574522;102367.91560203515;102544.38264317067;102605.74907607384;102750.89765614738;102891.20213579171;
