# AG41 CHALLENGE 2012 INSTANCE FILE
NBR_PRODUCT:100
  CUSTOMER_HOLDING_COSTS:0.09060388141588632;
    TRANSPORTER_CAPACITY:50
    TRANSPORTER_DELIVERY_TIMES:163.08507883095965
    TRANSPORTER_DELIVERY_COSTS:727.9792917381646
  SUPPLIER_SETUP_TIMES:5.0
  SUPPLIER_SETUP_COSTS:2105.482997402627
  SUPPLIER_PRODUCTION_TIMES:1.0
  SUPPLIER_HOLDING_COSTS:0.08730522337370952
    SUPPLIER_PRODUCTION_HOLDING_COSTS:0.08730522337370952;2105.526650014314;2105.6576078493745;2105.875870907809;2106.181439189617;2106.574312694798;2107.0544914233537;2107.621975375283;2108.2767645505855;2109.0188589492623;2109.8482585713123;2110.7649634167365;2111.768973485534;2112.8602887777056;2114.0389092932505;2115.304835032169;2116.658065994462;2118.098602180128;2119.626443589168;2121.2415902215816;2122.944042077369;2124.73379915653;2126.610861459065;2128.5752289849734;2130.626901734255;2132.765879706911;2134.992162902941;2137.3057513223443;2139.706644965121;2142.194843831272;2144.770347920796;2147.4331572336946;2150.1832717699663;2153.0206915296117;2155.9454165126313;2158.957446719024;2162.0567821487907;2165.243422801931;2168.517368678445;2171.878619778333;2175.3271761015944;2178.8630376482297;2182.4862044182387;2186.1966764116214;2189.994453628378;2193.879536068508;2197.8519237320115;2201.911616618889;2206.0586147291406;2210.2929180627652;2214.614526619764;2219.023440400136;2223.519659403882;2228.103183631002;2232.7740130814955;2237.5321477553625;2242.3775876526033;2247.3103327732183;2252.3303831172066;2257.4377386845686;2262.6323994753043;2267.9143654894137;2273.2836367268965;2278.7402131877534;2284.284094871984;2289.9152817795884;2295.6337739105666;2301.439571264918;2307.3326738426435;2313.3130816437424;2319.3807946682155;2325.535812916062;2331.7781363872823;2338.107765081876;2344.5246989998436;2351.028938141185;2357.6204825059003;2364.299332093989;2371.0654869054515;2377.9189469402877;2384.8597121984976;2391.8877826800813;2399.0031583850387;2406.2058393133693;2413.495825465074;2420.8731168401528;2428.3377134386046;2435.8896152604307;2443.5288223056305;2451.2553345742035;2459.0691520661508;2466.9702747814713;2474.9587027201655;2483.034435882234;2491.1974742676757;2499.447817876491;2507.7854667086804;2516.2104207642433;2524.72268004318;2533.3222445454903;2542.0091142711744;
    DUE_DATES:10000.0;10078.671724123315;10102.810593158281;10110.640045431666;10159.941309446953;10222.075385422804;10282.815532767605;10297.30024490477;10371.894743926689;10389.722616109757;10450.853426588958;11363.925881320283;11443.096521986768;11462.673732936128;11533.986276614785;11639.922649248043;11722.512667272218;11767.93641178624;11803.911120949082;11969.60190746269;12026.566107704182;12227.567308360822;12281.953593045162;12375.537002612291;12433.043684766577;12507.755261090582;12588.300025914838;12621.048965840479;12725.830901804271;12827.339362368293;12860.9291893904;12887.086251599458;12916.192847519533;12956.325348270831;12995.314930373004;13094.818882394084;13141.30785930958;13167.52752084379;13185.034737660835;13277.893734560463;13375.373219030102;13465.11558645741;13556.571441735785;13595.122970888171;14113.441645310255;14184.415563292978;14202.664993503582;14282.97362435024;14361.064606267788;14605.643744500077;14627.40113460797;14685.6780104387;14782.428159532032;14812.293656542262;14824.764706357268;14901.82548090623;14911.432991161962;14962.556214992486;15006.545623235632;15014.956393178416;15109.839648543111;15197.534019648949;15201.366243805398;15242.059818487805;15298.415330131811;15338.811842405328;15399.9000295714;15467.677704689782;15478.950432620675;15491.588578798512;15519.494549717341;15601.961341125369;15652.261716265015;15750.718931875072;15809.05493670258;15865.169096186271;15876.42882765051;15883.67314277223;15930.203904368958;15968.754269454745;16043.670895043186;16111.204292550825;16206.015679175405;16278.973314980769;16340.551208083267;16431.294022105605;16533.902472054513;16610.725783146805;16714.479187536177;16736.72865288236;16788.513338399145;16867.118732203653;16963.760175865904;17043.439079759195;17089.786560040757;17150.029475141586;17168.724751234295;17181.518948091976;17220.577904674403;17280.721877490327;
