# AG41 CHALLENGE 2012 INSTANCE FILE
NBR_PRODUCT:200
  CUSTOMER_HOLDING_COSTS:0.06396541595530782;
    TRANSPORTER_CAPACITY:100
    TRANSPORTER_DELIVERY_TIMES:107.77901170370698
    TRANSPORTER_DELIVERY_COSTS:825.2941778578556
  SUPPLIER_SETUP_TIMES:5.0
  SUPPLIER_SETUP_COSTS:2683.6232771343866
  SUPPLIER_PRODUCTION_TIMES:1.0
  SUPPLIER_HOLDING_COSTS:0.0606939366612161
    SUPPLIER_PRODUCTION_HOLDING_COSTS:0.0606939366612161;2683.6536241027175;2683.744665007709;2683.8963998493623;2684.1088286276763;2684.381951342652;2684.7157679942884;2685.1102785825865;2685.5654831075453;2686.081381569166;2686.6579739674476;2687.29526030239;2687.993240573994;2688.7519147822595;2689.5712829271856;2690.4513450087734;2691.3921010270224;2692.3935509819325;2693.4556948735035;2694.578532701736;2695.76206446663;2697.006290168185;2698.3112098064007;2699.676823381278;2701.103130892817;2702.5901323410167;2704.1378277258777;2705.7462170474;2707.4153003055835;2709.145077500428;2710.9355486319337;2712.786713700101;2714.698572704929;2716.6711256464187;2718.7043725245694;2720.7983133393814;2722.9529480908545;2725.168276778989;2727.4442994037845;2729.7810159652413;2732.1784264633593;2734.636530898139;2737.1553292695794;2739.734821577681;2742.375007822444;2745.075888003868;2747.837462121953;2750.6597301766997;2753.5426921681074;2756.4863480961767;2759.490697960907;2762.555741762298;2765.6814795003506;2768.867911175065;2772.1150367864398;2775.422856334476;2778.7913698191733;2782.2205772405323;2785.710478598552;2789.261073893233;2792.8723631245757;2796.544346292579;2800.277023397244;2804.07039443857;2807.924459416557;2811.8392183312058;2815.814671182515;2819.8508179704863;2823.947658695118;2828.1051933564117;2832.323421954366;2836.602344488982;2840.9419609602587;2845.342271368197;2849.803275712796;2854.324973994057;2858.9073662119786;2863.550452366562;2868.254232457806;2873.0187064857114;2877.8438744502782;2882.729736351506;2887.676292189395;2892.6835419639456;2897.751485675157;2902.8801233230297;2908.069454907564;2913.319480428759;2918.630199886615;2924.001613281133;2929.433720612312;2934.926521880152;2940.4800170846534;2946.0942062258155;2951.7690893036392;2957.5046663181242;2963.3009372692704;2969.157902157078;2975.0755609815465;2981.0539137426763;2987.0929604404673;2993.1927010749196;2999.3531356460326;3005.5742641538072;3011.856086598243;3018.19860297934;3024.6018132970985;3031.065717551518;3037.590315742599;3044.175607870341;3050.821593934744;3057.5282739358086;3064.295647873534;3071.123715747921;3078.012477558969;3084.961933306678;3091.9720829910484;3099.04292661208;3106.1744641697733;3113.3666956641273;3120.6196210951425;3127.933240462819;3135.3075537671566;3142.742561008156;3150.238262185816;3157.7946573001373;3165.41174635112;3173.089529338764;3180.828006263069;3188.6271771240354;3196.4870419216627;3204.4076006559512;3212.3888533269014;3220.4307999345124;3228.5334404787845;3236.6967749597184;3244.920803377313;3253.205525731569;3261.550942022486;3269.957052250065;3278.4238564143043;3286.9513545152054;3295.539546552767;3304.1884325269907;3312.898012437875;3321.668286285421;3330.4992540696276;3339.390915790496;3348.3432714480255;3357.356321042216;3366.4300645730677;3375.564502040581;3384.759633444755;3394.0154587855905;3403.3319780630873;3412.709191277245;3422.147098428064;3431.6456995155445;3441.204994539686;3450.824983500489;3460.5056663979526;3470.247043232078;3480.0491140028644;3489.911878710312;3499.8353373544205;3509.8194899351906;3519.864336452622;3529.9698769067145;3540.1361112974682;3550.363039624883;3560.6506618889593;3570.9989780896967;3581.4079882270953;3591.877692301155;3602.408090311876;3612.9991822592583;3623.6509681433017;3634.3634479640064;3645.136621721372;3655.9704894153992;3666.8650510460875;3677.820306613437;3688.8362561174476;3699.9128995581195;3711.0502369354526;3722.2482682494474;3733.506993500103;3744.8264126874196;3756.2065258113976;3767.6473328720367;3779.148833869337;3790.711028803299;3802.333917673922;3814.017500481206;3825.7617772251515;3837.5667479057574;3849.4324125230255;3861.3587710769543;3873.3458235675444;3885.393569994796;3897.5020103587085;
    DUE_DATES:10000.0;10034.564186001553;12975.118039913275;13057.455848842435;13173.018347749594;13226.795594503283;13239.316391692551;13271.759449765852;13312.735226404115;13394.547496516238;13518.745176002552;13664.389728418359;13799.204248401053;16577.900242598724;16585.701244506647;16678.777077607243;16684.447227686145;16831.676647699987;16867.721095337576;16985.58499194279;20212.343379875205;20307.997855396075;20453.937012504564;20520.964593499422;20646.80553136456;20717.06033354485;20724.726159665934;20786.06805888888;20915.59327309134;21022.540615492144;21136.818598420297;21166.36967922379;21187.930307283787;21219.073493183405;21296.067757787856;21367.88100572323;21524.90954199981;21659.704857319408;23373.07967971731;25930.67391404843;28592.67483711446;28750.11445747985;28819.9927539596;28929.042503431046;29077.690174337782;31651.310204725596;31729.151556821107;31785.96125943002;31861.996366748484;34337.24060385905;34359.57221609743;34486.4013555363;34610.995981416374;34664.378611160246;34722.81737032576;34756.72432745204;34885.52248966415;34901.75095554736;34983.72842643828;35080.95263565188;35125.183663188465;35155.373153221495;35304.49451290128;35359.62298230433;37601.37889743433;37706.89768261863;37838.58608739166;37848.79834091544;37869.71124772021;38001.01896658696;38118.354649951994;38120.42299424388;38249.673012387524;38302.92752069771;38329.34875171219;38420.95354336737;38457.23433919044;38559.85570480626;38595.64651255659;38722.948930195984;38848.837045039;38953.85012012819;38992.09752721619;39016.39517760502;39061.39032844306;39077.5001115134;39210.46145487362;39342.134931360786;39387.2085996871;39533.19540019896;39665.774059424315;39673.61539688254;39738.53245843085;39798.68678139187;39799.97252929215;39920.36931658592;40029.55528328978;40075.50500061216;40176.092943455544;40187.42465743036;40197.15895863968;40198.57432197911;40358.63425158345;40475.62018738209;40574.84366736653;40615.13841119723;40757.964144970116;42924.17415322032;43079.20682606019;43098.486454046724;43158.51264086284;43318.51162542564;43324.48450857537;43418.625693969494;43459.65728270333;43600.50637880879;43651.3190532721;43729.19687164052;45975.771311384546;46067.376248708075;46207.49961136523;46320.01212661894;46397.15318013035;46480.448365622105;46491.899830900846;46514.57240714485;46537.709202009704;49067.41450882858;49201.74076227253;49307.325246484834;49361.8131230729;49479.36281085859;49559.47297862327;49718.089725373284;49784.1221183424;49873.58941956469;50031.789400650174;50097.79294169936;50163.99446148208;50276.00096453372;53021.865478541826;53144.74742412596;53215.41502734065;53308.114045929375;53361.39436590025;53486.669942848515;53500.469948576356;53550.145510711984;53639.75797027625;53660.91543315144;53714.10193880163;53746.45131831073;53779.36727977161;53877.592229052825;53940.57028175052;54020.88600156206;54111.4840244339;55936.67849454949;56004.993193694645;56043.843254228945;56155.952642636075;56272.476498593955;56284.067037626475;58522.946265185514;58532.76547122637;58632.63591086711;58668.451329258474;58750.32036581183;58880.62344960525;58882.915458048876;58963.74674193056;61887.03392929089;61955.08608979876;61994.03527559778;62052.67622652651;62084.29547730782;62208.406501320365;64376.07242712281;64508.679538799886;64619.323605980375;64713.975873094605;64764.88664416698;66562.68053615392;66622.668115645;66781.66361708223;66872.70621274762;67020.81347946884;67139.13693180791;67230.21556705111;67263.69266128846;67408.48934391052;67412.97345109077;69281.86600875476;69343.74939146667;69448.31751262832;69450.39184424943;69501.2557242035;69612.91333320076;69673.98733617924;69717.99906162887;
