# AG41 CHALLENGE 2012 INSTANCE FILE
NBR_PRODUCT:100
  CUSTOMER_HOLDING_COSTS:0.0778170164203994;
    TRANSPORTER_CAPACITY:50
    TRANSPORTER_DELIVERY_TIMES:185.76732505617392
    TRANSPORTER_DELIVERY_COSTS:801.5067720899561
  SUPPLIER_SETUP_TIMES:5.0
  SUPPLIER_SETUP_COSTS:1096.7440579463234
  SUPPLIER_PRODUCTION_TIMES:1.0
  SUPPLIER_HOLDING_COSTS:0.07154422566458994
    SUPPLIER_PRODUCTION_HOLDING_COSTS:0.07154422566458994;1096.7798300591558;1096.8871463976527;1097.066006961814;1097.31641175164;1097.6383607671307;1098.031854008286;1098.496891475106;1099.0334731675903;1099.6415990857392;1100.3212692295529;1101.072483599031;1101.895242194174;1102.7895450149813;1103.7553920614532;1104.7927833335898;1105.901718831391;1107.0821985548566;1108.334222503987;1109.657790678782;1111.0529030792413;1112.5195597053655;1114.057760557154;1115.6675056346076;1117.3487949377254;1119.1016284665077;1120.9260062209548;1122.8219282010664;1124.7893944068428;1126.8284048382834;1128.9389594953889;1131.121058378159;1133.3747014865935;1135.6998888206926;1138.0966203804564;1140.5648961658849;1143.1047161769777;1145.7160804137352;1148.3989888761573;1151.153441564244;1153.9794384779955;1156.8769796174113;1159.8460649824917;1162.8866945732368;1165.9988683896465;1169.1825864317207;1172.4378486994597;1175.764655192863;1179.1630059119311;1182.6329008566636;1186.174340027061;1189.7873234231226;1193.471851044849;1197.22792289224;1201.0555389652955;1204.9546992640157;1208.9254037884004;1212.9676525384498;1217.0814455141638;1221.2667827155421;1225.5236641425854;1229.852089795293;1234.2520596736654;1238.723573777702;1243.2666321074037;1247.8812346627697;1252.5673814438003;1257.3250724504956;1262.1543076828555;1267.0550871408798;1272.0274108245687;1277.0712787339223;1282.1866908689406;1287.3736472296234;1292.6321478159707;1297.9621926279826;1303.3637816656592;1308.8369149290004;1314.381592418006;1319.9978141326765;1325.6855800730114;1331.4448902390106;1337.2757446306748;1343.1781432480034;1349.1520860909968;1355.1975731596547;1361.3146044539772;1367.503179973964;1373.7632997196156;1380.0949636909318;1386.4981718879126;1392.972924310558;1399.5192209588681;1406.1370618328426;1412.8264469324818;1419.5873762577855;1426.419849808754;1433.3238675853868;1440.2994295876842;1447.3465358156463;1454.465186269273;
    DUE_DATES:10000.0;10087.593278221333;10206.476070993573;10331.010497677536;10401.66391351417;10493.928314944991;10651.774749839393;14015.62955231147;14119.10360853276;14273.061253265945;14459.486644999133;14521.836125881495;14537.971657172513;14687.076809381355;14798.778733791552;14870.59150569931;15016.797889472216;18656.77372374412;18754.67213844178;21440.373743047683;23367.992169586607;23440.32768337033;23455.149262524545;23493.662485633897;23539.013702300537;25440.332129745366;28029.477064704373;28161.019774541335;28333.934656675374;28452.083439099846;28458.121048970395;28502.88460404994;28682.53162994662;28742.334724311462;28777.18447965564;31324.89637078277;31490.446614223765;31630.669692889565;31733.080005269552;31913.667645627553;31952.845674579865;34231.75538258733;34393.12897310477;34402.6850880397;34420.49639421434;34526.55072668516;34695.4472373014;34861.69981059127;35035.764896156725;35097.604872341624;35113.73561278742;35218.95856261004;35332.62985195644;35470.38396080207;35502.30425093303;35527.40882389287;35630.34275832543;35707.344977026085;35837.42071809231;36009.86113714932;36158.963789293884;36329.77607016602;38373.23753084068;38490.482267519794;38619.14302031837;38702.83802259171;41782.43522295523;41837.56392406887;42015.83776183266;42088.16227716017;42224.51670154995;42291.06133582272;42339.956434635635;42424.42970240529;42607.899215384;44902.47347691545;44999.74686089973;45124.93150005985;45194.65063305598;47469.66802292998;50248.26945602331;50336.386304896936;50394.90544127054;50529.33899489729;50619.20032155516;53506.61867426775;55816.49941379638;55991.93413807402;56041.86444751057;56097.69704448698;56160.89066019408;56278.46971813459;58865.94975195545;58878.37243767052;58953.43778049689;61928.623501842805;62020.10968683635;62093.28104101705;62254.12618063313;62424.324668294365;
