# AG41 CHALLENGE 2012 INSTANCE FILE
NBR_PRODUCT:150
  CUSTOMER_HOLDING_COSTS:0.09255073638190645;
    TRANSPORTER_CAPACITY:75
    TRANSPORTER_DELIVERY_TIMES:174.24340356793238
    TRANSPORTER_DELIVERY_COSTS:810.4218959492517
  SUPPLIER_SETUP_TIMES:5.0
  SUPPLIER_SETUP_COSTS:2933.4287903823088
  SUPPLIER_PRODUCTION_TIMES:1.0
  SUPPLIER_HOLDING_COSTS:0.0924401616536091
    SUPPLIER_PRODUCTION_HOLDING_COSTS:0.0924401616536091;2933.4750104631357;2933.613670705616;2933.84477110975;2934.1683116755376;2934.584292402979;2935.0927132920738;2935.693574342822;2936.3868755552244;2937.17261692928;2938.0507984649894;2939.021420162352;2940.084482021369;2941.239984042039;2942.4879262243626;2943.8283085683397;2945.261131073971;2946.7863937412553;2948.4040965701934;2950.1142395607853;2951.916822713031;2953.8118460269297;2955.799309502482;2957.8792131396885;2960.0515569385484;2962.3163408990617;2964.6735650212286;2967.1232293050493;2969.6653337505236;2972.2998783576513;2975.026863126433;2977.8462880568677;2980.758153148957;2983.762458402699;2986.859203818095;2990.048389395144;2993.3300151338476;2996.704081034204;3000.1705870962146;3003.7295333198786;3007.380919705196;3011.1247462521674;3014.961012960792;3018.8897198310706;3022.9108668630024;3027.024454056588;3031.230481411827;3035.52894892872;3039.9198566072664;3044.4032044474666;3048.9789924493202;3053.6472206128274;3058.4078889379884;3063.2609974248026;3068.206546073271;3073.2445348833926;3078.374963855168;3083.5978329885966;3088.9131422836795;3094.3208917404154;3099.8210813588053;3105.4137111388486;3111.0987810805455;3116.8762911838962;3122.7462414489;3128.708631875558;3134.7634624638695;3140.910733213834;3147.150444125453;3153.482595198725;3159.907186433651;3166.4242178302306;3173.0336893884637;3179.7356011083502;3186.5299529898903;3193.416745033084;3200.3959772379317;3207.467649604433;3214.6317621325875;3221.888314822396;3229.2373076738577;3236.6787406869735;3244.2126138617427;3251.8389271981655;3259.5576806962417;3267.3688743559715;3275.272508177355;3283.2685821603923;3291.3570963050834;3299.5380506114275;3307.8114450794255;3316.177279709077;3324.6355545003826;3333.186269453341;3341.8294245679535;3350.56501984422;3359.3930552821394;3368.3135308817127;3377.3264466429396;3386.4318025658204;3395.629598650354;3404.919834896542;3414.302511304383;3423.7776278738784;3433.3451846050266;3443.0051814978287;3452.757618552285;3462.602495768394;3472.539813146157;3482.5695706855736;3492.691768386644;3502.9064062493676;3513.213484273745;3523.613002459776;3534.104960807461;3544.689359316799;3555.3661979877907;3566.1354768204365;3576.9971958147353;3587.951354970688;3598.9979542882943;3610.1369937675545;3621.3684734084677;3632.692393211035;3644.1087531752555;3655.61755330113;3667.2187935886577;3678.9124740378393;3690.6985946486748;3702.5771554211633;3714.5481563553058;3726.6115974511017;3738.767478708551;3751.0158001276545;3763.3565617084114;3775.7897634508217;3788.315405354886;3800.9334874206033;3813.6440096479746;3826.446972037;3839.342374587678;3852.33021730001;3865.410500173996;3878.583223209635;3891.848386406928;3905.2059897658746;3918.6560332864747;3932.198516968728;3945.8334408126357;3959.5608048181966;3973.380608985411;
    DUE_DATES:10000.0;10100.442148421436;10372.615383686103;10552.104600131064;10747.67000072304;10751.956569900718;10841.537266565794;11033.543350038653;11047.836007277032;11104.671980589352;11259.678252416435;11409.878846248275;11427.770162163324;11428.508609585455;11430.796120891186;11464.488971792;11625.021885407257;11840.558344085875;12071.813686538619;12137.225694773611;12354.47537043736;17637.732285936367;17880.07222407268;18037.050338539688;18191.04566735736;18443.70536801868;18626.63857001226;18884.411642733532;19080.911257424148;19125.185798384708;19303.455238086008;19383.105255456823;19547.158371742873;19754.11602035757;19790.452050944965;19975.432309021267;19977.541465922637;20176.176601865995;20281.25237571241;20464.739364871326;20540.07890515728;20681.58069394078;20695.47333422808;20882.538438785068;21024.069199662074;24351.748345881053;24490.971007491953;24754.507167812946;24770.964648607805;25048.311946423826;25134.993589664926;25299.031455189684;25431.651368302693;25702.211874766337;25736.263335271477;25971.760575043238;31506.580104935376;31527.257777463354;31759.374390958616;31955.761014546195;32189.357627324793;32255.232730434167;32314.345532979874;32589.057407444034;32697.813037957225;32742.742846076304;32848.04205214846;32942.973903601065;33126.02377348111;33132.75003082247;33349.66623000851;33592.92469334414;33673.40198247885;37637.397551649585;37913.93779138511;37946.47429226891;38205.959455639015;38364.64866633011;38601.24627305794;38871.898717890246;38884.481989179876;39104.309771797285;39116.85853020963;39222.03002381355;39433.94487232562;39598.98349585153;39799.98847586287;39848.640506075884;40027.062385642406;40135.52922509655;40203.31828567606;40317.15500459435;40540.146584380505;40561.26441815565;40789.966170528955;40930.635645109636;41172.35638914625;41219.4839146296;41229.98958772351;46948.36473311249;46978.54936911999;47222.987912915094;47438.376272395;47721.663997662414;47887.011201719404;48153.71775232645;48425.63408380347;48627.55063957127;48707.04992194101;48856.06091932475;48921.302561709264;49197.685173932885;49265.046748042594;49539.74116687927;49704.81407152213;49816.55535499923;50079.794389699375;50187.19899601665;50455.87128192382;50617.22174900425;50646.0852201613;50869.24901124547;50922.13932449603;51076.38608205066;51192.69705552087;56013.08785418694;56113.08805885191;56231.02927036527;56515.160300674645;56680.898661229745;56740.74202807025;56985.0760087905;57025.649926042075;57264.85589138793;57444.4037702794;57667.600721538074;57882.15387788741;58099.19601813059;61597.51217791359;61771.93590270071;62028.66560422421;62296.98634290781;65893.50349177247;66109.49949271379;66130.35417338896;66166.48339792623;66410.19557242807;66491.56134412547;71464.13412848602;71534.03939602266;
