# AG41 CHALLENGE 2012 INSTANCE FILE
NBR_PRODUCT:200
  CUSTOMER_HOLDING_COSTS:0.04354580667599329;
    TRANSPORTER_CAPACITY:100
    TRANSPORTER_DELIVERY_TIMES:158.48409152440772
    TRANSPORTER_DELIVERY_COSTS:527.5240451339412
  SUPPLIER_SETUP_TIMES:5.0
  SUPPLIER_SETUP_COSTS:2694.8753972492414
  SUPPLIER_PRODUCTION_TIMES:1.0
  SUPPLIER_HOLDING_COSTS:0.04253600966460628
    SUPPLIER_PRODUCTION_HOLDING_COSTS:0.04253600966460628;2694.8966652540735;2694.9604692685707;2695.066809292732;2695.2156853265583;2695.407097370049;2695.641045423204;2695.9175294860243;2696.2365495585086;2696.598105640658;2697.002197732472;2697.44882583395;2697.937989945093;2698.4696900659005;2699.043926196373;2699.6606983365095;2700.320006486311;2701.021850645777;2701.7662308149074;2702.5531469937027;2703.3825991821627;2704.254587380287;2705.1691115880762;2706.12617180553;2707.125768032648;2708.167900269431;2709.2525685158785;2710.3797727719902;2711.549513037767;2712.7617893132083;2714.016601598314;2715.3139498930846;2716.6538341975197;2718.0362545116195;2719.461210835384;2720.9287031688127;2722.438731511906;2723.991295864664;2725.586396227087;2727.2240325991743;2728.9042049809264;2730.626913372343;2732.392157773424;2734.1999381841697;2736.0502546045805;2737.9431070346554;2739.8784954743946;2741.856419923799;2743.876880382868;2745.939876851601;2748.045409329999;2750.1934778180616;2752.384082315789;2754.617222823181;2756.8928993402374;2759.211111866958;2761.571860403344;2763.9751449493942;2766.420965505109;2768.9093220704885;2771.4402146455327;2774.0136432302415;2776.6296078246146;2779.2881084286523;2781.989145042355;2784.7327176657222;2787.518826298754;2790.34747094145;2793.218651593811;2796.132368255837;2799.088620927527;2802.0874096088814;2805.1287342999008;2808.2125950005848;2811.3389917109334;2814.5079244309463;2817.7193931606243;2820.9733978999666;2824.2699386489735;2827.609015407645;2830.9906281759813;2834.4147769539823;2837.881461741648;2841.3906825389777;2844.942439345972;2848.536732162632;2852.1735609889556;2855.8529258249437;2859.574826670597;2863.3392635259147;2867.146236390897;2870.9957452655435;2874.887790149855;2878.822371043831;2882.799487947472;2886.819140860777;2890.881329783747;2894.9860547163817;2899.1333156586807;2903.3231126106443;2907.5554455722727;2911.8303145435657;2916.1477195245234;2920.5076605151453;2924.9101375154323;2929.3551505253836;2933.8426995449995;2938.37278457428;2942.9454056132254;2947.560562661835;2952.2182557201095;2956.9184847880483;2961.661249865652;2966.44655095292;2971.274388049853;2976.1447611564504;2981.0576702727126;2986.013115398639;2991.01109653423;2996.0516136794863;3001.1346668344067;3006.260255998992;3011.428381173241;3016.6390423571556;3021.8922395507343;3027.187972753978;3032.526241966886;3037.907047189459;3043.330388421696;3048.7962656635978;3054.3046789151645;3059.8556281763954;3065.4491134472914;3071.0851347278517;3076.7636920180767;3082.4847853179663;3088.24841462752;3094.054579946739;3099.9032812756222;3105.7945186141706;3111.728291962383;3117.70460132026;3123.7234466878017;3129.7848280650082;3135.8887454518795;3142.035198848415;3148.224188254615;3154.45571367048;3160.7297750960092;3167.0463725312034;3173.405505976062;3179.807175430585;3186.2513808947733;3192.7381223686257;3199.2673998521427;3205.8392133453244;3212.453562848171;3219.1104483606814;3225.809869882857;3232.551827414697;3239.3363209562017;3246.163350507371;3253.032916068205;3259.9450176387036;3266.8996552188664;3273.8968288086944;3280.9365384081866;3288.0187840173435;3295.143565636165;3302.3108832646512;3309.520736902802;3316.7731265506172;3324.0680522080975;3331.405513875242;3338.785511552051;3346.208045238525;3353.6731149346633;3361.1807206404665;3368.730862355934;3376.3235400810663;3383.958753815863;3391.6365035603244;3399.3567893144505;3407.119611078241;3414.9249688516966;3422.772862634816;3430.663292427601;3438.59625823005;3446.5717600421635;3454.589797863942;3462.650371695385;3470.7534815364925;3478.8991273872643;3487.087309247701;3495.3180271178026;3503.591280997568;3511.9070708869986;3520.265396786094;3528.6662586948537;3537.1096566132783;3545.595590541367;
    DUE_DATES:10000.0;10081.668689603881;10264.803884684343;10391.371281758346;10641.615922810965;10647.609584350817;10909.792062792036;10974.312930974562;11121.50281145893;11334.313398599781;11370.414739456042;11583.318171436773;11779.518497685274;11839.193539060341;12007.278997842266;17635.94450933099;17650.89678573382;17776.041731195925;17882.767605287387;18119.180709296834;18378.90935717616;18483.982325738038;18561.0175679378;18576.164880745608;24249.698321931835;24511.784735403973;24744.95884153356;24844.684637506416;30525.285881443728;30584.50523064736;30736.78689627798;30744.63640404687;30800.209692418575;30994.621572555403;31170.184862954018;31195.571405263316;31197.99899987917;31264.34042074625;31328.877556678115;31534.84310684443;31605.1478269173;31839.94853508677;31956.040791422944;32218.17043406898;32487.083998406146;32501.671567196514;32560.432072600488;32832.32270646489;33063.01455312948;33265.635647406074;33411.99022649054;33572.26366364472;33689.61986994325;37187.11213366739;37394.98671756685;37457.17722469976;37720.2554766124;37860.717982709146;37912.053378238204;38165.7894940145;38389.603383994174;38647.08223743356;38682.999479422106;38967.739835417204;38979.80305501509;39197.7172790329;43283.635143643696;43502.807819880625;43760.89621067694;43813.400213805755;43924.52629947436;44194.261106563485;44342.62785727189;44601.71780395058;44802.83456133518;44935.56749460599;49973.63369892807;50036.97123052239;50262.42796132527;50537.49691380273;50764.499986299874;50967.89853534793;51078.285364157746;51301.22601043799;51329.78699064579;51561.77081325777;51687.80550138675;51720.39609075361;51781.658897103494;56592.267331904506;56878.360513733656;57016.55425096999;57296.162564606035;63037.57441821584;66287.9827247335;66370.70612412138;66563.70983402857;66684.58238374717;66697.63883161604;66900.02440659064;67182.65183657061;67209.0521383664;67432.58258395505;67655.54395275736;67805.29394836567;67816.00721190721;67818.83226996723;67966.97969341763;68143.01494209624;68370.95369822784;68467.63960161696;68630.3737932495;68793.47407310954;68900.77562073905;69081.23280548892;69210.44467948918;69341.80618992764;69465.01789924619;69567.02078887165;69769.16463321073;69861.10872882961;69913.80486264626;70009.79116598645;70093.18865091183;70136.3707817863;70291.50938538072;70530.41964367473;73871.1415982231;73932.12859045881;74074.17180767056;74143.24213659158;74353.95658503502;74488.06764948048;74677.35368318763;74918.67714852016;75161.83690493408;75211.92118603647;75380.99099570366;75392.31532123609;75485.4066777927;78408.91509072093;78453.46171291942;78584.09332345877;78640.2488038046;78675.13211599426;78752.95534881076;78898.79222142143;78992.0152894253;79025.31694716115;79182.1310215275;79301.7490508826;79544.8867572831;79787.16112765264;80025.3177937762;80302.68775013967;80533.727454623;80637.45654659485;80830.61083158139;83868.75632575288;84101.86246911906;84313.01264546438;84348.47346261975;84435.2159636045;84610.51264218347;84664.50299393527;84791.47552758765;85077.26479854692;90531.71483009213;90536.68881144036;90694.83049299703;90707.72794814933;90912.51378609793;90984.33297672086;91121.0097562935;91162.87775093263;91306.63492017475;91536.29113891812;91825.63549912235;92074.7880218233;92158.45575843683;92397.62511892011;92452.96220293302;92592.75140649755;97658.44646956591;97787.68627100308;97993.10930644593;98029.24373334357;98099.66869948202;98367.2854105039;98630.12647331972;98918.91913571362;99183.32837088795;99199.22234274553;99260.87932122935;99276.77615746624;99408.71273235304;99557.53254047902;99649.5780243888;99800.21963405049;99845.97106566477;
