# AG41 CHALLENGE 2012 INSTANCE FILE
NBR_PRODUCT:200
  CUSTOMER_HOLDING_COSTS:0.10302576304905135;
    TRANSPORTER_CAPACITY:100
    TRANSPORTER_DELIVERY_TIMES:156.37964496515298
    TRANSPORTER_DELIVERY_COSTS:944.8404717201042
  SUPPLIER_SETUP_TIMES:5.0
  SUPPLIER_SETUP_COSTS:2872.7776271163825
  SUPPLIER_PRODUCTION_TIMES:1.0
  SUPPLIER_HOLDING_COSTS:0.09568094718466764
    SUPPLIER_PRODUCTION_HOLDING_COSTS:0.09568094718466764;2872.825467589975;2872.968989010752;2873.2081913787133;2873.54307469386;2873.973638956191;2874.4998841657066;2875.121810322407;2875.8394174262917;2876.6527054773615;2877.5616744756157;2878.566324421055;2879.666655313679;2880.862667153487;2882.15435994048;2883.5417336746577;2885.02478835602;2886.603523984567;2888.2779405602987;2890.048038083215;2891.913816553316;2893.8752759706017;2895.932416335072;2898.085237646727;2900.3337399055667;2902.677923111591;2905.1177872648;2907.653332365194;2910.284558412772;2913.011465407535;2915.834053349483;2918.7523222386153;2921.766272074932;2924.875902858434;2928.0812145891205;2931.3822072669914;2934.7788808920473;2938.2712354642877;2941.8592709837126;2945.5429874503225;2949.3223848641164;2953.197463225096;2957.1682225332593;2961.2346627886077;2965.3967839911406;2969.6545861408586;2974.008069237761;2978.457233281848;2983.00207827312;2987.642604211576;2992.3788110972173;2997.210698930043;3002.1382677100532;3007.161517437248;3012.280448111628;3017.495059733192;3022.805352301941;3028.211325817875;3033.7129802809936;3039.3103156912966;3045.003332048784;3050.7920293534567;3056.6764076053137;3062.6564668043557;3068.7322069505817;3074.9036280439927;3081.1707300845887;3087.533513072369;3093.9919770073343;3100.546121889484;3107.1959477188184;3113.9414544953374;3120.782642219041;3127.7195108899296;3134.7520605080026;3141.88029107326;3149.1042025857028;3156.42379504533;3163.8390684521414;3171.350022806138;3178.956658107319;3186.6589743556847;3194.4569715512353;3202.3506496939704;3210.34000878389;3218.4250488209946;3226.6057698052837;3234.8821717367573;3243.2542546154154;3251.7220184412586;3260.2854632142867;3268.944588934499;3277.699395601896;3286.5498832164776;3295.4960517782442;3304.5379012871954;3313.675431743331;3322.9086431466512;3332.2375354971564;3341.662108794846;3351.1823630397207;3360.79829823178;3370.5099143710236;3380.3172114574522;3390.220189491065;3400.2188484718627;3410.3131883998453;3420.5032092750125;3430.7889110973642;3441.1702938669005;3451.6473575836217;3462.2201022475274;3472.888527858618;3483.6526344168933;3494.512421922353;3505.4678903749973;3516.5190397748265;3527.6658701218403;3538.9083814160385;3550.246573657422;3561.6804468459895;3573.2100009817423;3584.835236064679;3596.556152094801;3608.3727490721076;3620.2850269965984;3632.292985868274;3644.3966256871345;3656.5959464531797;3668.8909481664095;3681.281630826824;3693.767994434423;3706.350038989207;3719.0277644911757;3731.8011709403286;3744.6702583366664;3757.6350266801887;3770.695475970896;3783.851606208788;3797.103417393864;3810.4509095261255;3823.8940826055714;3837.4329366322017;3851.0674716060166;3864.797687527017;3878.623584395201;3892.54516221057;3906.562420973124;3920.6753606828624;3934.883981339786;3949.1882829438937;3963.588265495186;3978.083928993663;3992.675273439325;4007.3622988321713;4022.1450051722027;4037.0233924594186;4051.997460693819;4067.067209875404;4082.232640004174;4097.493751080128;4112.850543103267;4128.303016073592;4143.8511699911;4159.495004855793;4175.234520667671;4191.069717426733;4207.00059513298;4223.027153786412;4239.149393387029;4255.36731393483;4271.680915429815;4288.090197871987;4304.595161261342;4321.195805597881;4337.892130881606;4354.684137112515;4371.571824290609;4388.555192415887;4405.63424148835;4422.808971507999;4440.079382474831;4457.445474388848;4474.90724725005;4492.464701058437;4510.117835814008;4527.866651516763;4545.711148166703;4563.651325763829;4581.687184308139;4599.8187237996335;4618.045944238313;4636.368845624176;4654.787427957225;4673.301691237459;4691.911635464876;4710.617260639478;4729.4185667612655;4748.315553830238;4767.308221846394;4786.396570809736;
    DUE_DATES:10000.0;12095.32721023386;12251.80279152402;12253.322915917965;12408.821217168495;12573.667338190377;12612.998931554861;12638.241805156;12725.826029437718;12732.525133799156;12850.49242928878;12985.325638074399;13087.439171285345;15931.680356182645;16011.631102795203;16049.510929831466;16203.999848967262;16329.48085208885;16430.59072732036;16455.97935498545;16616.251115752668;16759.900675601984;16806.858158926236;16941.63111330559;17081.83820288701;17235.72112379409;17393.39959385879;17427.378892960147;17534.75799568286;17686.216484412427;17722.719944438686;17728.4800817977;20675.444890128107;20704.25801413263;20855.3010826065;20968.15673300761;20992.81337967773;21051.012699942392;21129.919709537862;22905.880060202107;22983.96832792914;23019.017404242364;23147.699685761367;23225.88582614687;23326.207018364603;23354.889241557055;23504.983881744003;23577.667992536066;23737.651003439547;23788.396829598656;23865.324394427014;23933.760188013446;24020.131685594555;24021.653209731983;24129.676200288905;24266.15281943467;24372.254953829586;27312.128640169038;27455.566565151064;27558.729223171886;27721.20917432436;27811.480205130156;27950.06148797111;28051.104070048812;29909.05263193208;33047.86232966419;33122.76740884405;33284.49967377455;33401.98942269857;33507.8417876212;33632.31600441735;33780.61970969208;33816.52028020839;33967.21475891009;34091.70386567557;34122.15390266056;34227.171424434375;34347.947648469446;34372.532982594574;34418.97127102925;34528.43799147819;34602.974573187996;34608.45911975714;34612.07079332204;34662.73222211183;37879.29872780401;39662.5074681424;39679.46055650085;39827.28269613507;39982.36273296715;40132.07971409698;41971.7948826843;42104.109608025545;42170.627855197934;42286.061936649734;42361.98509515036;45067.04346572906;45146.871363366874;45157.04143010287;48188.32995746189;48267.41476709274;48338.811131562936;48468.64111316411;48572.540774409914;48663.092055223475;48802.51472297759;48806.8577957197;48952.19001303771;48996.50773463553;49124.23799214107;49147.08862176575;49207.0742535243;49320.70038837086;49444.19883794875;49445.03766732524;49602.23931062864;49732.467420976136;49848.516638056884;49958.05745715386;50047.63718664382;50208.16465646666;50259.740715025924;50370.42292722412;50526.29183423709;50676.92653545068;50734.37819776697;50796.77248326962;53549.65199538914;53623.18443480318;56798.19535338378;58726.885703838096;60997.24283084554;61046.54400495696;61167.92120560405;61186.00155180544;61300.50486111704;61418.60928187102;61580.534276793056;61742.179739006395;63966.67829089938;64022.06086228509;64027.232536205396;64049.883561611205;64195.03704317835;64356.49168090874;64423.82074343908;64433.83858500497;64545.13794210227;64703.61507647122;64810.56022102861;64880.288869025295;65005.40529769803;65054.86454365783;65197.95597892798;65331.94903082819;65431.973615220166;65587.75723488443;65653.98011265595;68795.7190970865;68823.52309028513;71457.84179764199;71552.9388430515;71589.98812176185;71693.03642594501;71713.90052731936;74382.79326535248;74424.52762137768;74520.94106279289;74622.19270678001;74650.58325502944;74657.92055176763;74808.84427509853;74818.35648336055;74858.28125966445;75012.45473491892;75052.80172893697;75199.14842065924;75361.5206334853;75367.63281938585;75517.03333098476;75602.26018530696;75766.69594092824;75835.07601836321;75964.37533798789;78534.70614465236;78577.74292781358;78603.63846688624;81022.72622448398;81106.51766360851;81170.99500695762;81305.95326700615;81399.46627422457;81406.17554186798;83153.72855538409;83318.59669347088;83340.55768683189;83373.01618858338;83512.18544778157;83652.98327501735;83741.6852514963;
