# AG41 CHALLENGE 2012 INSTANCE FILE
NBR_PRODUCT:150
  CUSTOMER_HOLDING_COSTS:0.03114908514781256;
    TRANSPORTER_CAPACITY:75
    TRANSPORTER_DELIVERY_TIMES:105.13397762354009
    TRANSPORTER_DELIVERY_COSTS:764.108343236699
  SUPPLIER_SETUP_TIMES:5.0
  SUPPLIER_SETUP_COSTS:2688.5484205966645
  SUPPLIER_PRODUCTION_TIMES:1.0
  SUPPLIER_HOLDING_COSTS:0.0307882173907852
    SUPPLIER_PRODUCTION_HOLDING_COSTS:0.0307882173907852;2688.56381470536;2688.6099970314463;2688.686967574923;2688.794726335791;2688.9332733140495;2689.1026085096987;2689.302731922739;2689.5336435531694;2689.7953434009914;2690.0878314662036;2690.411107748807;2690.7651722488013;2691.150024966186;2691.5656659009614;2692.0120950531277;2692.489312422685;2692.997318009633;2693.5361118139717;2694.1056938357015;2694.7060640748214;2695.337222531333;2695.9991692052345;2696.691904096527;2697.4154272052106;2698.169738531285;2698.95483807475;2699.770725835606;2700.617401813852;2701.4948660094897;2702.4031184225178;2703.342159052937;2704.3119879007468;2705.3126049659472;2706.3440102485383;2707.4062037485205;2708.4991854658933;2709.622955400657;2710.7775135528113;2711.9628599223565;2713.178994509293;2714.4259173136193;2715.7036283353373;2717.0121275744455;2718.3514150309447;2719.7214907048347;2721.122354596115;2722.554006704787;2724.016447030849;2725.509675574302;2727.033692335146;2728.5884973133807;2730.174090509006;2731.7904719220223;2733.4376415524293;2735.115599400227;2736.8243454654157;2738.563879747995;2740.334202247965;2742.135312965326;2743.967211900078;2745.8298990522203;2747.7233744217538;2749.647638008678;2751.6026898129926;2753.5885298346984;2755.605158073795;2757.652574530282;2759.7307792041597;2761.8397720954285;2763.9795532040885;2766.1501225301386;2768.3514800735798;2770.5836258344116;2772.8465598126345;2775.140282008248;2777.4647924212522;2779.820091051647;2782.206177899433;2784.6230529646095;2787.070716247177;2789.5491677471355;2792.0584074644844;2794.598435399224;2797.1692515513546;2799.770855920876;2802.4032485077882;2805.0664293120913;2807.760398333785;2810.485155572869;2813.2407010293446;2816.0270347032106;2818.8441565944677;2821.692066703115;2824.5707650291533;2827.480251572583;2830.420526333403;2833.3915893116136;2836.393440507215;2839.4260799202075;2842.4895075505906;2845.5837233983643;2848.708727463529;2851.8645197460846;2855.0511002460307;2858.268468963368;2861.5166258980958;2864.795571050214;2868.105304419724;2871.445826006624;2874.817135810915;2878.2192338325967;2881.6521200716693;2885.1157945281325;2888.6102572019868;2892.1355080932317;2895.6915472018673;2899.278374527894;2902.895990071311;2906.544393832119;2910.223585810318;2913.933566005908;2917.674334418888;2921.445891049259;2925.248235897021;2929.0813689621737;2932.9452902447174;2936.839999744652;2940.765497461977;2944.721783396693;2948.7088575487996;2952.726719918297;2956.775370505185;2960.854809309464;2964.965036331134;2969.1060515701947;2973.277855026646;2977.4804467004883;2981.713826591721;2985.977994700345;2990.2729510263594;2994.598695569765;2998.955228330561;3003.342549308748;3007.7606585043254;3012.209555917294;3016.689241547653;3021.199715395403;3025.740977460544;3030.3130277430755;3034.915866242998;
    DUE_DATES:10000.0;10213.693909675047;10375.518303405754;10547.406070467918;10637.790941041278;10756.60752180531;15783.866190870598;19519.972150001344;24217.075475903133;26849.698285068098;31856.438972829004;32028.636843038577;32042.914227603185;34756.22778961662;34866.75914562128;34929.97321781878;34946.14047146658;37923.75543664768;38102.781796481024;38301.21987002075;42518.09494432538;42687.80658434517;42862.92755457001;43098.978480268845;43123.73829047093;43125.471044791055;43352.48467193848;43599.73466925771;43683.64937216905;43821.81632051528;43908.09909935905;44093.95494821031;44187.47721535584;44299.143422886154;44399.06791893979;44443.79617339163;44499.93377941114;44664.70606289724;49457.58642351908;49560.64418303805;49697.734202294894;49787.48325389364;49812.64662771144;50038.49583611117;50069.190665969705;50141.2994488188;50226.82397108507;50249.987596059196;54557.15463433239;54747.678388848064;54852.36099332828;55074.295853247604;55280.259267935304;55376.32380279591;55404.17634211136;55504.603772823066;55653.74273683775;55857.6991956454;55952.086481853854;59148.60554151755;59343.94046640407;59572.23602637777;59573.41955795917;59629.723872795395;59722.51279038482;59783.928306031594;60023.94104022554;60198.986978951114;60361.776189735414;60581.62309185231;60708.4045094157;60914.59438309103;61028.44858786985;61182.508778527925;61189.48341097519;61423.59424663473;61434.1600876444;61553.59403320687;61558.38055030178;61701.32512671727;61925.01088707059;62150.15041153075;62293.84220873805;62408.23547580026;62442.66863403549;62650.552461186046;62802.0146465426;62812.71802766699;63007.77123394765;63259.47258000152;63368.35418663076;67359.67775594746;67496.73276892968;67698.96981647343;71515.6104674759;71710.08096874125;71772.82888081355;71926.04031798782;72023.36846186397;72150.80301746132;72153.75816844153;72286.76736889915;72356.79938818887;72414.7986939275;72545.83239601509;72770.41527189573;72971.03816528537;73198.0217781721;73306.60103790887;73544.71393883042;73709.11866225266;73866.57604674737;73975.02128104775;74118.13678953754;77831.91874757787;77944.70446538419;78096.65913404654;78349.59895425217;78596.55582088899;78810.9326138033;78837.3666360565;79055.21222172391;79107.62550792343;79336.07531831558;79424.52300033058;79671.62592764843;79802.18503440174;79860.57445092236;79892.93657185626;80093.74214395888;80221.15517463787;80251.65821963262;80355.77684535293;80454.11570514015;80498.97625252852;80623.22377452654;85106.6584837265;85194.35257013724;85429.91186543099;85574.15326854431;85733.32775408548;85740.39819101286;85784.99220148496;85896.62163756823;86095.05451008362;86346.51052470281;86525.1455078357;86740.7609805802;86980.78021708305;87134.9095760191;
