# AG41 CHALLENGE 2012 INSTANCE FILE
NBR_PRODUCT:100
  CUSTOMER_HOLDING_COSTS:0.03506574522286796;
    TRANSPORTER_CAPACITY:50
    TRANSPORTER_DELIVERY_TIMES:153.95147965851245
    TRANSPORTER_DELIVERY_COSTS:973.6551352006277
  SUPPLIER_SETUP_TIMES:5.0
  SUPPLIER_SETUP_COSTS:2333.768589664363
  SUPPLIER_PRODUCTION_TIMES:1.0
  SUPPLIER_HOLDING_COSTS:0.033709804779334294
    SUPPLIER_PRODUCTION_HOLDING_COSTS:0.033709804779334294;2333.7854445667526;2333.8360092739217;2333.9202837858697;2334.0382681025976;2334.1899622241044;2334.375366150391;2334.5944798814567;2334.8473034173016;2335.133836757926;2335.45407990333;2335.8080328535125;2336.195695608475;2336.6170681682165;2337.072150532738;2337.560942702038;2338.083444676118;2338.639656454977;2339.2295780386153;2339.8532094270327;2340.51055062023;2341.201601618206;2341.926362420962;2342.684833028497;2343.4770134408113;2344.302903657905;2345.1625036797777;2346.0558135064302;2346.982833137862;2347.943562574073;2348.938001815063;2349.966150860833;2351.0280097113823;2352.1235783667103;2353.252856826818;2354.4158450917053;2355.6125431613714;2356.8429510358174;2358.1070687150423;2359.4048961990466;2360.7364334878303;2362.1016805813933;2363.500637479736;2364.9333041828577;2366.3996806907585;2367.8997670034387;2369.4335631208987;2371.0010690431377;2372.602284770156;2374.237210301954;2375.905845638531;2377.608190779887;2379.344245726023;2381.114010476938;2382.917485032632;2384.7546693931063;2386.6255635583593;2388.5301675283913;2390.468481303203;2392.4405048827944;2394.4462382671645;2396.4856814563145;2398.5588344502435;2400.665697248952;2402.8062698524395;2404.9805522607066;2407.188544473753;2409.4302464915786;2411.705658314184;2414.014779941568;2416.3576113737317;2418.734152610675;2421.1444036523976;2423.588364498899;2426.06603515018;2428.5774156062407;2431.1225058670802;2433.7013059326996;2436.313815803098;2438.9600354782756;2441.6399649582327;2444.353604242969;2447.100953332485;2449.88201222678;2452.6967809258545;2455.545259429708;2458.427447738341;2461.3433458517534;2464.292953769945;2467.2762714929163;2470.293299020667;2473.3440363531968;2476.4284834905056;2479.546640432594;2482.698507179462;2485.884083731109;2489.1033700875355;2492.3563662487413;2495.643072214726;2498.9634879854907;2502.3176135610342;
    DUE_DATES:10000.0;10186.815701937778;10331.315371975246;10377.910043607164;10664.888719053091;10694.781592545021;10834.904991528323;10842.931756265001;14650.258344420161;14869.106315611874;15085.675738319276;15277.154369135973;15294.085513787655;15328.478515895456;15531.135220711589;15732.59570508218;15853.411208032121;15901.947874567672;16062.040481665916;16360.545245628367;16546.04160292723;16757.370271973017;16833.84103588979;16863.523043519297;16950.317862463784;17134.382012817947;17241.176557887607;17403.18113299088;17626.56187110938;17640.553086777887;17715.809615255712;17786.945868464823;18013.259447911692;18230.574028753625;21358.119194346367;21512.69483369498;21657.53599771772;21770.574236193956;21770.94874715883;21847.18011554893;21864.242087390394;22066.182246010554;22094.003378762736;22263.06040539686;22350.866775103274;26418.08632677876;26526.612325243765;26767.776159016925;30996.197868288276;35157.46357299985;35158.37799858113;35429.95698633128;35668.21712998245;39443.88499750627;39552.9460309962;39634.5137287382;39664.15855165173;39921.716277632935;40021.430933419084;40246.61773136391;40339.00388327238;40490.0000412175;40717.423097748266;40855.9111431058;41018.14847517827;41026.22811746855;41293.46598595949;41420.00483985337;41615.97938322768;44740.064474774175;45038.29479429696;48910.0819670679;49203.84571884501;49439.40928713028;49620.20739209475;49832.38637380523;50063.976641301495;50098.17919478865;50125.67316921687;50407.897392222745;50451.7538525971;50630.222189695094;50785.078591693484;51067.96155882716;51248.96462091328;51489.21633061557;51763.68924997823;52053.175127418916;52193.93469807196;52240.53663384145;52388.793103586286;52480.37239588763;52707.75162073954;53004.079409832506;53124.74474749384;53395.11688369512;53500.08087863256;53711.663172940855;53727.01026328122;53973.3543802602;
