# AG41 CHALLENGE 2012 INSTANCE FILE
NBR_PRODUCT:300
  CUSTOMER_HOLDING_COSTS:0.0894552056908841;
    TRANSPORTER_CAPACITY:38
    TRANSPORTER_DELIVERY_TIMES:194.05237186903165
    TRANSPORTER_DELIVERY_COSTS:998.7154132643793
  SUPPLIER_SETUP_TIMES:5.0
  SUPPLIER_SETUP_COSTS:19367.429820913298
  SUPPLIER_PRODUCTION_TIMES:1.0
  SUPPLIER_HOLDING_COSTS:0.08356852187066516
    SUPPLIER_PRODUCTION_HOLDING_COSTS:0.08356852187066516;19367.471605174233;19367.596957957037;19367.805879261716;19368.098369088264;19368.474427436682;19368.93405430697;19369.477249699128;19370.10401361316;19370.81434604906;19371.608247006832;19372.485716486473;19373.446754487984;19374.49136101137;19375.619536056623;19376.831279623748;19378.126591712742;19379.50547232361;19380.967921456344;19382.51393911095;19384.14352528743;19385.85667998578;19387.653403205997;19389.533694948088;19391.49755521205;19393.54498399788;19395.675981305583;19397.890547135154;19400.188681486597;19402.57038435991;19405.0356557551;19407.584495672152;19410.21690411108;19412.932881071876;19415.732426554543;19418.61554055908;19421.58222308549;19424.632474133767;19427.766293703917;19430.983681795937;19434.28463840983;19437.66916354559;19441.137257203223;19444.688919382726;19448.324150084103;19452.042949307346;19455.845317052463;19459.73125331945;19463.700758108305;19467.75383141903;19471.890473251628;19476.110683606097;19480.414462482437;19484.801809880646;19489.27272580073;19493.827210242678;19498.4652632065;19503.186884692193;19507.992074699756;19512.880833229192;19517.853160280494;19522.90905585367;19528.048519948716;19533.27155256563;19538.57815370442;19543.96832336508;19549.442061547605;19554.999368252007;19560.640243478276;19566.364687226414;19572.172699496427;19578.06428028831;19584.03942960206;19590.098147437686;19596.240433795178;19602.466288674543;19608.775712075778;19615.168703998883;19621.64526444386;19628.20539341071;19634.849090899424;19641.576356910016;19648.387191442474;19655.281594496802;19662.259566073004;19669.321106171075;19676.466214791017;19683.69489193283;19691.007137596513;19698.402951782067;19705.88233448949;19713.445285718786;19721.091805469954;19728.82189374299;19736.635550537896;19744.532775854674;19752.51356969332;19760.577932053842;19768.725862936233;19776.957362340494;19785.272430266625;19793.671066714625;19802.1532716845;19810.71904517624;19819.368387189854;19828.101297725338;19836.917776782695;19845.81782436192;19854.801440463016;19863.868625085983;19873.019378230823;19882.25369989753;19891.57159008611;19900.97304879656;19910.45807602888;19920.02667178307;19929.678836059134;19939.414568857064;19949.233870176868;19959.13674001854;19969.123178382088;19979.1931852675;19989.346760674787;19999.583904603944;20009.90461705497;20020.30889802787;20030.796747522636;20041.368165539276;20052.023152077785;20062.76170713817;20073.583830720418;20084.48952282454;20095.478783450533;20106.551612598396;20117.70801026813;20128.947976459734;20140.27151117321;20151.678614408556;20163.169286165772;20174.743526444858;20186.401335245817;20198.142712568646;20209.967658413345;20221.876172779914;20233.868255668353;20245.943907078665;20258.103127010847;20270.3459154649;20282.67227244082;20295.082197938616;20307.575691958282;20320.152754499817;20332.813385563222;20345.557585148497;20358.385353255646;20371.296689884664;20384.291595035553;20397.37006870831;20410.53211090294;20423.77772161944;20437.106900857812;20450.519648618054;20464.015964900165;20477.59584970415;20491.25930303;20505.006324877726;20518.83691524732;20532.75107413879;20546.748801552123;20560.83009748733;20574.99496194441;20589.243394923356;20603.575396424178;20617.990966446865;20632.490104991426;20647.072812057857;20661.739087646158;20676.488931756332;20691.322344388376;20706.23932554229;20721.239875218074;20736.32399341573;20751.491680135256;20766.74293537665;20782.077759139916;20797.496151425054;20812.998112232064;20828.58364156094;20844.25273941169;20860.00540578431;20875.841640678802;20891.761444095166;20907.7648160334;20923.8517564935;20940.022265475476;20956.27634297932;20972.613989005033;20989.03520355262;21005.539986622076;21022.128338213402;21038.8002583266;21055.55574696167;21072.39480411861;21089.31742979742;21106.323623998098;21123.413386720647;21140.58671796507;21157.843617731363;21175.184086019526;21192.60812282956;21210.115728161465;21227.70690201524;21245.381644390884;21263.139955288403;21280.98183470779;21298.907282649045;21316.916299112174;21335.008884097173;21353.185037604042;21371.444759632785;21389.788050183393;21408.214909255876;21426.725336850228;21445.31933296645;21463.996897604546;21482.75803076451;21501.602732446343;21520.531002650052;21539.542841375627;21558.638248623072;21577.81722439239;21597.07976868358;21616.425881496638;21635.855562831566;21655.368812688368;21674.96563106704;21694.64601796758;21714.409973389993;21734.257497334278;21754.18858980043;21774.203250788454;21794.30148029835;21814.483278330114;21834.74864488375;21855.097579959256;21875.530083556634;21896.046155675882;21916.645796317003;21937.329005479995;21958.095783164852;21978.946129371583;21999.880044100184;22020.89752735066;22041.998579123;22063.183199417213;22084.451388233298;22105.803145571255;22127.23847143108;22148.757365812777;22170.35982871634;22192.04586014178;22213.81546008909;22235.66862855827;22257.605365549316;22279.625671062237;22301.729545097027;22323.91698765369;22346.18799873222;22368.542578332625;22390.980726454898;22413.50244309904;22436.10772826506;22458.79658195294;22481.5690041627;22504.424994894325;22527.364554147825;22550.387681923192;22573.494378220432;22596.68464303954;22619.95847638052;22643.31587824337;22666.756848628094;22690.281387534684;22713.88949496315;22737.581170913483;22761.356415385686;22785.215228379762;22809.15760989571;22833.183559933525;22857.29307849321;22881.486165574766;22905.762821178196;22930.123045303495;22954.566837950664;22979.094199119703;23003.705128810616;23028.3996270234;23053.17769375805;23078.039329014573;23102.984532792965;23128.01330509323;
    DUE_DATES:10000.0;10134.936013694154;10194.595239598024;10197.700222136826;10311.827388630309;10328.585706857508;10424.146081630657;10565.488848851252;13195.17937857477;13404.963190859104;13444.662318106844;13603.619751182565;13677.80362876146;13684.883371948636;13801.770633225877;13987.619820052058;14164.561399823842;14344.76091120675;14524.141582058259;14694.436631312736;14810.454700095504;14973.37805876298;15147.296348858781;15162.010057703748;15361.06757855258;15396.700882970526;15505.869582139701;15711.856122498237;15876.770381275062;15992.436552400515;16110.864776086823;16203.543272547207;16250.461261495726;16335.449580733753;16521.86379217526;19556.89057102473;19575.79665579992;19648.332615763255;19675.329912308975;19762.702213832017;19932.568977961386;20047.133700328333;20131.850097847357;20197.233910217583;20324.27071974727;20410.62297143192;20561.543100525952;20764.617999480524;20777.91565394711;20870.513225457915;24344.29791768721;24489.599080698034;24664.312634543854;24726.173651902303;24938.382053178953;24976.457257807455;25168.51286019992;25320.901252377484;25421.85846920187;25437.570309046907;25557.725623211318;25732.388798678323;25830.076134452964;25871.699354411096;25912.630931318214;26090.661449960477;26199.567764742445;29530.644055477947;29648.578745048595;29731.315505174167;33043.1738201714;33105.649476914165;33259.90067224739;33440.62886989592;33481.94225467987;33554.79977849593;33640.41317236478;33702.966102455546;33758.78653812052;33823.82188178034;33910.378964441676;33972.08839192949;33976.8191999783;34182.46318901695;34283.9346886321;34357.72035752234;34552.09335906773;34649.17775898664;34827.56276448688;34993.295308208624;35169.39558382728;39324.32575361024;39337.656195076896;39438.271450007574;41755.892911912015;44407.00417379947;44462.137920636094;44603.324473792905;44764.09559710888;44963.493468786015;45057.96321383735;45207.58867518818;49123.67293531749;49300.903581910236;49471.932298686195;52659.78489391843;52786.397263206614;52922.933916188274;52969.57147962231;52981.866031224425;53008.75929849313;53130.45864371829;53156.63798643475;53257.49304981189;56919.678283221554;57114.76183609181;57244.916710822064;57440.99668984714;57549.708362195604;57750.731351558396;57827.46153096942;57992.678107207095;58035.887276876696;58188.501175936006;58397.61469865723;58425.711551842716;62596.89778208941;62718.55642606804;62820.662208437076;62988.3221721014;63186.944422670225;63265.04733291966;63324.7152676296;63492.10542933442;63674.17472746876;63853.48506157425;64038.83440456282;64081.848429884296;64191.24958561151;64310.767846792354;64496.188503421756;64625.989233304135;64748.442215083815;64840.26065886818;64934.815710491464;64979.62476597335;65046.60026559881;68576.66366576905;68584.56522150476;68589.99017984721;68749.21095615583;68856.85382223743;69054.2480317426;69117.7814400732;72277.1385818247;75973.86128658835;75994.00212714176;80280.68466126188;80319.29167351237;80497.23158895227;80625.96672514583;80685.45058816568;80834.25192406437;80838.20563726002;80857.54146935084;80902.43374993528;81067.87820009232;81176.11116865985;81247.46791729236;81453.67762047265;81526.56069985457;83842.44440672615;83849.05581741277;83934.71173134538;84097.28494293042;87754.05381266467;87759.8097934602;91965.31549779915;91994.55413525355;92019.72943253045;92209.60374643526;92386.15369710744;92402.4971540306;92596.41330919639;92657.46216160423;92692.73019718642;95209.95280923681;98123.25171029518;98321.01280426292;98494.63838387287;98522.85022129443;98578.38702179102;98709.35242257798;98807.62338890432;102188.90383085242;102282.3365417138;102487.01644863923;102631.43305050708;102743.86471882353;105764.98497333228;109514.36755875294;109712.80214888505;109810.22914826457;109982.20111430602;110169.1470788877;110282.7024811611;110342.53934444398;110410.380985338;110530.6660378869;113470.79970290101;113591.89757209843;113638.3774125778;113648.38824360888;113761.37089732267;113773.0905291476;113939.8757183807;113965.36022510026;114057.00778592618;114083.55947245065;114122.6219489772;114145.40732127414;114358.15811274255;114529.96000889414;114695.6488838677;114748.19521772882;114936.15879065903;115032.80885945348;115152.3326562937;115259.3891972177;115467.81042415995;115548.11093055528;115656.51713183853;115708.99198247964;115822.76005267348;115982.07736072122;115982.16035929932;116080.1582244699;119770.71144168887;119920.79757516259;120008.70996014641;120056.5363063831;120141.3721012797;120276.61825358229;120432.30409971929;120604.07778597124;120717.87688378485;120890.81287948399;121040.72538922021;121145.08560837182;124177.99711230796;124379.69449838166;124585.60421092766;124597.84137226516;124722.90306437593;124810.78333706319;125014.8267593114;125130.61059162335;128066.44639765972;128098.83953205949;128265.30187099674;128370.0238888144;128384.31150023107;128479.95379530903;128530.62318773413;128572.2143337197;128681.27095904999;128710.77487356988;128853.0492516465;128933.97730244067;131817.20381474023;131828.3762974499;131891.64782042993;134631.5987999094;137402.70664980842;137522.43611880316;137604.62178121216;140313.62540305484;140397.9990503271;140520.2750703088;140562.70595467236;140644.65965820863;140803.6197483487;140914.09304332692;141049.31828661618;141139.42064897605;141208.9825751597;141415.31688701684;141436.72233444938;141509.0122888977;143828.83696429903;148009.94686768667;148214.4320320701;151030.25729482484;151059.32783228642;151112.44798359086;151219.74870893595;151355.65414636533;151550.31796703386;151586.67024043476;151689.2582338159;
