# AG41 CHALLENGE 2012 INSTANCE FILE
NBR_PRODUCT:300
  CUSTOMER_HOLDING_COSTS:0.06531850929010703;
    TRANSPORTER_CAPACITY:39
    TRANSPORTER_DELIVERY_TIMES:140.0251697356802
    TRANSPORTER_DELIVERY_COSTS:854.4919552854747
  SUPPLIER_SETUP_TIMES:5.0
  SUPPLIER_SETUP_COSTS:16795.492490742145
  SUPPLIER_PRODUCTION_TIMES:1.0
  SUPPLIER_HOLDING_COSTS:0.060196111395781
    SUPPLIER_PRODUCTION_HOLDING_COSTS:0.060196111395781;16795.52258879784;16795.612882964935;16795.763373243426;16795.97405963331;16796.244942134592;16796.57602074727;16796.967295471342;16797.418766306808;16797.930433253674;16798.502296311934;16799.13435548159;16799.82661076264;16800.579062155088;16801.391709658932;16802.26455327417;16803.197593000805;16804.190828838837;16805.244260788262;16806.357888849085;16807.5317130213;16808.765733304914;16810.059949699924;16811.414362206327;16812.82897082413;16814.303775553326;16815.838776393917;16817.433973345906;16819.08936640929;16820.80495558407;16822.580740870246;16824.41672226782;16826.312899776785;16828.26927339715;16830.285843128906;16832.36260897206;16834.49957092661;16836.696728992556;16838.954083169898;16841.271633458637;16843.64937985877;16846.0873223703;16848.585460993225;16851.143795727545;16853.76232657326;16856.441053530372;16859.17997659888;16861.979095778785;16864.838411070083;16867.757922472778;16870.73762998687;16873.77753361236;16876.87763334924;16880.03792919752;16883.258421157192;16886.539109228263;16889.87999341073;16893.28107370459;16896.74235010985;16900.2638226265;16903.84549125455;16907.487355993995;16911.189416844834;16914.95167380707;16918.774126880704;16922.65677606573;16926.599621362155;16930.602662769976;16934.66590028919;16938.7893339198;16942.972963661807;16947.21678951521;16951.520811480008;16955.885029556204;16960.309443743794;16964.794054042777;16969.33886045316;16973.94386297494;16978.60906160811;16983.33445635268;16988.120047208642;16992.965834176004;16997.87181725476;17002.837996444912;17007.86437174646;17012.950943159405;17018.09771068374;17023.30467431948;17028.57183406661;17033.899189925134;17039.28674189506;17044.734489976378;17050.24243416909;17055.8105744732;17061.438910888704;17067.127443415608;17072.876172053904;17078.685096803598;17084.554217664685;17090.48353463717;17096.47304772105;17102.522756916325;17108.632662222997;17114.802763641066;17121.03306117053;17127.323554811388;17133.67424456364;17140.085130427295;17146.556212402338;17153.087490488782;17159.67896468662;17166.330634995855;17173.042501416483;17179.81456394851;17186.64682259193;17193.539277346747;17200.49192821296;17207.504775190566;17214.577818279573;17221.711057479974;17228.904492791768;17236.15812421496;17243.471951749547;17250.84597539553;17258.280195152907;17265.774611021683;17273.329223001856;17280.94403109342;17288.619035296382;17296.35423561074;17304.149632036493;17312.005224573644;17319.92101322219;17327.89699798213;17335.933178853466;17344.029555836198;17352.186128930327;17360.40289813585;17368.679863452773;17377.017024881086;17385.414382420797;17393.871936071904;17402.38968583441;17410.967631708307;17419.6057736936;17428.304111790294;17437.06264599838;17445.88137631786;17454.76030274874;17463.69942529101;17472.698743944682;17481.758258709746;17490.877969586207;17500.057876574065;17509.297979673316;17518.598278883965;17527.958774206007;17537.379465639446;17546.860353184282;17556.401436840515;17566.00271660814;17575.664192487166;17585.385864477583;17595.167732579397;17605.00979679261;17614.912057117213;17624.874513553215;17634.897166100614;17644.980014759407;17655.123059529597;17665.32630041118;17675.58973740416;17685.913370508537;17696.297199724308;17706.74122505148;17717.24544649004;17727.809864040002;17738.434477701358;17749.119287474106;17759.864293358252;17770.669495353795;17781.534893460735;17792.46048767907;17803.4462780088;17814.492264449924;17825.59844700245;17836.764825666363;17847.99140044168;17859.278171328388;17870.62513832649;17882.032301435993;17893.49966065689;17905.02721598918;17916.614967432866;17928.26291498795;17939.97105865443;17951.739398432306;17963.567934321578;17975.456666322243;17987.405594434305;17999.414718657765;18011.484038992618;18023.613555438867;18035.803267996514;18048.053176665555;18060.363281445992;18072.733582337827;18085.164079341055;18097.65477245568;18110.2056616817;18122.816747019115;18135.488028467928;18148.219506028134;18161.011179699737;18173.863049482738;18186.77511537713;18199.747377382922;18212.77983550011;18225.872489728692;18239.02534006867;18252.238386520046;18265.511629082815;18278.845067756978;18292.23870254254;18305.6925334395;18319.206560447852;18332.7807835676;18346.415202798744;18360.109818141285;18373.86462959522;18387.679637160552;18401.554840837278;18415.490240625404;18429.485836524924;18443.541628535837;18457.657616658147;18471.833800891854;18486.070181236955;18500.366757693453;18514.723530261348;18529.140498940636;18543.617663731322;18558.155024633405;18572.75258164688;18587.410334771754;18602.12828400802;18616.906429355688;18631.744770814745;18646.643308385203;18661.602042067054;18676.620971860302;18691.700097764944;18706.839419780983;18722.03893790842;18737.29865214725;18752.618562497475;18767.998668959095;18783.438971532116;18798.939470216526;18814.500165012338;18830.121055919542;18845.802142938144;18861.54342606814;18877.344905309532;18893.20658066232;18909.128452126504;18925.110519702084;18941.15278338906;18957.255243187432;18973.4178990972;18989.64075111836;19005.923799250922;19022.267043494874;19038.670483850226;19055.134120316972;19071.657952895115;19088.24198158465;19104.886206385585;19121.590627297915;19138.35524432164;19155.18005745676;19172.065066703275;19189.01027206119;19206.015673530495;19223.0812711112;19240.2070648033;19257.393054606797;19274.639240521687;19291.945622547973;19309.312200685657;19326.738974934735;19344.22594529521;19361.77311176708;19379.380474350346;19397.04803304501;19414.775787851067;19432.56373876852;19450.411885797366;19468.320228937613;19486.288768189253;19504.31750355229;
    DUE_DATES:10000.0;10205.669867110671;10261.671501250388;13436.29820032723;13575.011176142734;13619.378557107646;13851.55960979171;17333.225291490504;17402.716070056413;20783.631245923654;20882.60352459799;21061.346988840814;21256.350991469342;21313.426578278242;21509.47456154305;21580.833817418843;21773.500038402388;21790.16184777607;26680.42873042044;26936.207705751152;26978.18758783896;31736.123916648405;31804.295462552644;32002.76912524543;34821.31396029304;35038.88899815523;35130.961096744286;35192.743603884715;35326.452223653345;35482.950671208484;35555.486359402545;38905.30521548077;41503.628538681456;41637.071290794745;41744.48625708557;41814.09907482974;42035.08556116814;42105.12863544918;42165.726819923926;42315.64520771453;42427.360761966025;42633.89454346805;42802.78325387979;42836.525977281824;43014.87652148593;43128.54282185374;43266.54324564048;43466.286352664836;43495.4648539868;43599.268236530435;43645.66375695925;43800.930464934056;43943.68568310725;44160.47694777268;49222.3894478179;49464.133056688675;49652.97075621034;49671.6821486998;49782.5443815115;49841.49197492163;49934.40490619413;50128.51809450599;50260.48294289291;50328.45925245135;50364.25876845603;50375.08824464989;50550.69851498557;50648.00085741078;50678.2996458359;50701.27577250276;50751.18851448055;50901.935292686474;50941.307175480026;51033.54460905398;51230.68423205914;51439.41106205408;51556.23044500685;55716.61873434337;55791.40851878777;55956.03757757765;56071.97767955881;56229.686218387134;56356.013137031114;56426.6728956011;56550.818458113754;56757.04805785849;56903.84234369173;57061.866449739995;57069.873145647005;57215.55714356301;57286.59468634826;57447.38026304903;57577.08963473188;57796.0799185455;58042.842049464474;58160.09928674865;58360.49460635692;58403.53102877344;58528.68285008997;58771.959326125005;58780.32428779604;58867.13355572474;58909.408570817584;59025.62324585526;59174.24200254564;59294.86437421726;59545.869642019796;59598.94313369801;59769.65675654692;62380.09247067179;62579.77519349456;62728.29436066481;62868.70531122555;63107.32930711265;63193.572200675764;63436.77880855769;63501.87165832415;63563.90166222565;63636.941120521944;63666.18572991582;63877.608837464395;64034.28850809076;64128.37607898605;64240.53003070328;64488.75952125;64641.24485595161;68770.78738830947;68781.95717965608;72502.7960333196;72706.59980402859;72764.62228614627;77727.02274513629;77882.57967774138;80634.53574128021;84518.09012558046;84698.66130913822;84909.28490877252;85024.38036734062;85234.26796987692;85322.34110409408;85536.53747299868;85660.53191739667;85804.70106754513;85856.25583861486;85921.51836205053;88843.88382861242;93607.78655938548;93623.80812165994;93795.41025295151;97605.71478973769;97857.62674767712;97893.55373329393;97918.11699589627;98116.89541634006;98153.92522318134;98197.65442710088;98416.52549302336;98595.84917307373;98842.04663887269;98857.65128873283;99096.59844356326;103788.77883667451;103949.2150143097;104141.88499189686;104277.600983046;104427.21211091572;104673.36919177335;104721.93323886454;104814.30798339056;104903.17095835604;105031.29374307161;105208.0351590944;105406.13836427819;105492.61971100814;105607.39447413513;105848.72346174855;106081.9138124306;106207.3993478713;106256.05256664612;106387.9498541152;106495.50391880466;106630.30198894336;106785.43784712831;106960.43584003171;107071.56649284948;107281.33243100531;107394.55463125656;107584.37391302694;107783.48452617701;107990.89744577082;108109.48746433767;108187.29797154374;108366.79533380401;108386.3198677594;108419.97030206262;108476.59809613587;108631.56339552395;108716.73059457097;108724.5587642214;108727.81094115251;108847.30490646431;109068.04805202967;109149.84172089267;109165.47342513644;109420.22813639812;109490.41082580743;114309.14593004243;114547.84514903775;114729.57165081816;118873.3254522242;119120.69118309107;119249.80846003907;119381.32588645995;124535.74168224122;124689.72832556574;124925.33014024234;125023.19857101684;125175.1446733791;125398.32031976421;125488.4964233474;125552.81231312412;125654.46771063039;125885.95240730674;125946.15899587635;126023.64853927058;126076.58844011952;126165.36727131622;126276.9393746764;126311.46173657167;126525.8847836083;126640.35933288973;126748.17747285403;126897.22641631831;126954.20504685715;126969.74737752018;130976.22323210997;131004.99216081534;131075.6700478835;131154.1701608501;131395.76980864286;131433.82190687332;131533.60995906062;131687.73408141793;131811.00246713153;131980.56405695158;131989.98791192716;132066.0915869271;132099.0041187706;136952.72349752273;137198.67698769039;137258.04350181788;137371.85155849892;137400.40993207012;137576.1706490096;137780.4719243998;138012.6670888766;138213.40111771802;138362.86568972757;138466.46924466328;138638.64036152486;138728.15191909453;142760.13489082907;142889.10711177718;143070.48777345184;143260.85356173804;143295.90259795715;143401.28513139972;143508.1405077697;146806.87966755175;146940.1395093025;147115.30207048755;147184.15581430212;147291.96562508994;147525.26122001506;147729.86076320618;147738.91407343117;147916.98312651867;147966.35750706925;148050.6602118871;148208.60684537495;148381.50803542376;148554.07389254164;153564.56494033552;153709.35744073582;153942.7832350971;154078.84145505622;154290.18053390188;154504.15455694395;154520.06350595152;154572.75882035468;154674.14666729834;154752.2618081701;154954.0384258203;155180.42386335522;155311.20369547547;155344.01082077777;155595.85236261398;155765.33576918533;155854.8480253492;156105.14463293136;
