# AG41 CHALLENGE 2012 INSTANCE FILE
NBR_PRODUCT:150
  CUSTOMER_HOLDING_COSTS:0.09998200502577158;
    TRANSPORTER_CAPACITY:75
    TRANSPORTER_DELIVERY_TIMES:131.60025882562613
    TRANSPORTER_DELIVERY_COSTS:884.5056564843144
  SUPPLIER_SETUP_TIMES:5.0
  SUPPLIER_SETUP_COSTS:1151.0613452268026
  SUPPLIER_PRODUCTION_TIMES:1.0
  SUPPLIER_HOLDING_COSTS:0.0930639870318884
    SUPPLIER_PRODUCTION_HOLDING_COSTS:0.0930639870318884;1151.1078772203186;1151.2474732008664;1151.4801331684462;1151.8058571230576;1152.2246450647012;1152.7364969933765;1153.3414129090838;1154.039392811823;1154.830436701594;1155.714544578397;1156.6917164422318;1157.7619522930986;1158.9252521309973;1160.1816159559276;1161.53104376789;1162.9735355668843;1164.5090913529104;1166.1377111259685;1167.8593948860585;1169.6741426331803;1171.581954367334;1173.5828300885196;1175.676769796737;1177.8637734919864;1180.1438411742677;1182.5169728435808;1184.9831684999258;1187.542428143303;1190.1947517737117;1192.9401393911523;1195.7785909956249;1198.7101065871295;1201.7346861656658;1204.852329731234;1208.0630372838343;1211.3668088234663;1214.76364435013;1218.253543863826;1221.8365073645537;1225.5125348523134;1229.2816263271047;1233.1437817889282;1237.0990012377833;1241.1472846736706;1245.2886320965895;1249.5230435065405;1253.8505189035234;1258.271058287538;1262.7846616585846;1267.3913290166631;1272.0910603617735;1276.8838556939156;1281.7697150130898;1286.7486383192959;1291.8206256125338;1296.9856768928037;1302.2437921601054;1307.594971414439;1313.0392146558042;1318.5765218842016;1324.2068930996309;1329.930328302092;1335.746827491585;1341.65639066811;1347.659017831667;1353.7547089822556;1359.9434641198761;1366.2252832445286;1372.6001663562129;1379.068113454929;1385.6291245406774;1392.2831996134573;1399.0303386732692;1405.8705417201131;1412.8038087539887;1419.8301397748962;1426.9495347828356;1434.161993777807;1441.4675167598102;1448.8661037288455;1456.3577546849124;1463.9424696280114;1471.620248558142;1479.3910914753048;1487.2549983794993;1495.2119692707258;1503.2620041489843;1511.4051030142746;1519.6412658665965;1527.9704927059506;1536.3927835323366;1544.9081383457542;1553.516557146204;1562.2180399336855;1571.012586708199;1579.9001974697444;1588.8808722183217;1597.9546109539306;1607.1214136765716;1616.3812803862445;1625.7342110829493;1635.180205766686;1644.7192644374545;1654.351387095255;1664.0765737400875;1673.8948243719515;1683.8061389908476;1693.8105175967758;1703.9079601897356;1714.0984667697273;1724.3820373367512;1734.7586718908065;1745.228370431894;1755.7911329600133;1766.4469594751645;1777.1958499773477;1788.0378044665626;1798.9728229428097;1810.0009054060883;1821.1220518563991;1832.3362622937416;1843.6435367181161;1855.0438751295223;1866.5372775279607;1878.1237439134306;1889.8032742859327;1901.5758686454665;1913.4415269920323;1925.4002493256298;1937.4520356462594;1949.596885953921;1961.8348002486143;1974.1657785303396;1986.5898207990967;1999.1069270548855;2011.7170972977065;2024.4203315275593;2037.216629744444;2050.1059919483605;2063.088418139309;2076.163908317289;2089.3324624823013;2102.5940806343456;2115.9487627734215;2129.396508899529;2142.937319012669;2156.571193112841;2170.2981312000443;2184.11813327428;2198.031199335547;
    DUE_DATES:10000.0;10215.48971842547;10460.109746620983;13447.067136597716;13561.536902456457;13797.201340366977;13810.261028220213;13962.178544016711;17122.957575285498;17287.658866993457;17333.978133540353;17429.947531971597;17581.42184943263;17661.65062435378;17815.54300000065;18025.011542909026;18290.073017808343;18352.00266462329;18383.947939766706;18640.427740844614;18763.110900312215;18965.944903594893;19165.439860158727;19282.244966282287;19285.18007466408;19499.362208763887;23538.500753877903;23742.21645891336;23766.360490745476;23996.401230505704;24099.28339700141;24264.469128016164;28404.580187686057;28530.18628013365;28703.845354150955;32188.204010967635;32214.87010045323;32479.747831567627;32606.041582914844;32710.387060713376;32789.01512427728;38340.37824507015;41361.852252682074;41537.894316945596;41606.81331233552;41894.22248492908;42173.06979617243;42365.79616108221;42641.122296955815;42791.97956260108;42990.523709498404;43104.06564950604;43369.62502109269;43394.391946979325;43563.48536352831;43843.533012744614;47791.529533463174;47984.109795007775;48219.64212361863;48266.24385127221;48505.12839663771;48523.27594861751;48814.24905922874;49082.96503727918;49290.09208231964;49418.22749121559;49660.01129137485;49821.20006820197;49959.71375632002;50208.987947758746;50441.665692780494;50504.24102561765;50611.01918264052;54059.8029291116;54287.88568965533;54469.18964914678;57405.15266260683;57659.97595689143;57724.887102122004;57746.383937988794;57809.28282283479;61718.40369043093;61719.005295056006;65212.04427770122;65437.09225597742;65438.408448937094;65545.46259230693;65575.77103203213;65615.14418156353;65681.66738941426;69939.95859793614;70160.27164606054;70233.58524107923;70444.56076162937;70534.2921857135;70771.8565875298;71056.01880601117;71095.35226118818;71186.00327727826;71258.22889794021;71480.3867056255;76860.85116643662;81643.65871559255;81761.31335713457;81939.73474821515;85766.39291647797;85782.47572088338;85912.27306525988;86049.25592723262;86155.3387516815;86437.96327270477;86513.71718563297;86669.61117047073;86762.23670233322;87036.39173829355;87112.7188144851;87167.89263159738;87428.59071263403;87657.63433107373;92688.74284343071;97049.57003975872;97106.9660324552;100041.47445410631;100203.90272480063;100348.87375938587;100429.15481805208;100519.50853475742;100693.68538278331;100902.38378962349;104024.87829398202;104113.67416261988;109767.57660486449;109955.94668173323;110169.12329397498;110383.107113308;110625.18188316574;110659.0678590162;110823.84041475212;111056.44093483874;114142.73446541661;114367.28338839902;114422.11449342132;114540.57168707132;114550.47919684704;117837.75811877531;118009.56488644861;118140.91944909364;118392.64940252376;118654.97191420029;118705.37463616648;
