# AG41 CHALLENGE 2012 INSTANCE FILE
NBR_PRODUCT:200
  CUSTOMER_HOLDING_COSTS:0.05585439424852837;
    TRANSPORTER_CAPACITY:100
    TRANSPORTER_DELIVERY_TIMES:170.85636695960127
    TRANSPORTER_DELIVERY_COSTS:877.0739785515542
  SUPPLIER_SETUP_TIMES:5.0
  SUPPLIER_SETUP_COSTS:1236.314242051847
  SUPPLIER_PRODUCTION_TIMES:1.0
  SUPPLIER_HOLDING_COSTS:0.0535778863931927
    SUPPLIER_PRODUCTION_HOLDING_COSTS:0.0535778863931927;1236.3410309950436;1236.4213978246335;1236.5553425406165;1236.7428651429925;1236.983965631762;1237.2786440069244;1237.6269002684803;1238.0287344164292;1238.4841464507713;1238.9931363715066;1239.555704178635;1240.1718498721568;1240.8415734520718;1241.56487491838;1242.3417542710813;1243.1722115101757;1244.0562466356635;1244.9938596475442;1245.9850505458182;1247.0298193304857;1248.128166001546;1249.2800905589997;1250.4855930028466;1251.7446733330864;1253.0573315497197;1254.4235676527462;1255.8433816421657;1257.3167735179786;1258.8437432801845;1260.4242909287836;1262.0584164637762;1263.7461198851618;1265.4874011929405;1267.2822603871125;1269.1306974676775;1271.0327124346359;1272.9883052879875;1274.997476027732;1277.0602246538701;1279.1765511664012;1281.3464555653254;1283.569937850643;1285.8469980223538;1288.1776360804577;1290.5618520249545;1292.9996458558448;1295.4910175731284;1298.0359671768051;1300.6344946668748;1303.2866000433378;1305.9922833061942;1308.7515444554435;1311.5643834910861;1314.430800413122;1317.350795221551;1320.3243679163731;1323.3515184975886;1326.4322469651972;1329.5665533191989;1332.754437559594;1335.995899686382;1339.2909396995633;1342.639557599138;1346.0417533851057;1349.4975270574666;1353.0068786162208;1356.5698080613681;1360.1863153929085;1363.8564006108422;1367.5800637151692;1371.3573047058892;1375.1881235830024;1379.072520346509;1383.0104949964086;1387.0020475327015;1391.0471779553875;1395.1458862644668;1399.2981724599392;1403.504036541805;1407.7634785100636;1412.0764983647157;1416.4430961057608;1420.8632717331993;1425.3370252470309;1429.8643566472556;1434.4452659338735;1439.0797531068847;1443.767818166289;1448.5094611120867;1453.3046819442775;1458.1534806628615;1463.0558572678385;1468.0118117592087;1473.0213441369724;1478.084454401129;1483.201142551679;1488.371408588622;1493.5952525119583;1498.8726743216878;1504.2036740178105;1509.5882516003264;1515.0264070692356;1520.5181404245377;1526.063451666233;1531.6623407943218;1537.3148078088036;1543.0208527096786;1548.7804754969468;1554.5936761706082;1560.4604547306628;1566.3808111771107;1572.3547455099515;1578.3822577291858;1584.4633478348132;1590.5980158268337;1596.7862617052474;1603.0280854700545;1609.3234871212546;1615.672466658848;1622.0750240828345;1628.5311593932142;1635.040872589987;1641.6041636731532;1648.2210326427125;1654.891479498665;1661.6155042410107;1668.3931068697495;1675.2242873848816;1682.109045786407;1689.0473820743255;1696.039296248637;1703.0847883093418;1710.1838582564399;1717.3365060899312;1724.5427318098155;1731.8025354160932;1739.115916908764;1746.4828762878278;1753.9034135532852;1761.3775287051353;1768.9052217433791;1776.4864926680157;1784.121341479046;1791.8097681764689;1799.5517727602853;1807.347355230495;1815.1965155870976;1823.0992538300934;1831.0555699594825;1839.065463975265;1847.1289358774404;1855.2459856660091;1863.416613340971;1871.640818902326;1879.9186023500743;1888.2499636842158;1896.6349029047506;1905.0734200116783;1913.5655150049993;1922.1111878847137;1930.710438650821;1939.3632673033217;1948.0696738422155;1956.8296582675025;1965.6432205791825;1974.510360777256;1983.4310788617227;1992.4053748325823;2001.4332486898354;2010.5147004334815;2019.649730063521;2028.8383375799535;2038.0805229827793;2047.3762862719982;2056.7256274476103;2066.1285465096157;2075.5850434580143;2085.0951182928056;2094.6587710139906;2104.276001621569;2113.94681011554;2123.6711964959045;2133.4491607626624;2143.280702915813;2153.165822955357;2163.1045208812943;2173.096796693625;2183.1426503923485;2193.242081977465;2203.395091448975;2213.601678806878;2223.861844051175;2234.1755871818646;2244.5429081989473;2254.9638071024233;2265.4382838922925;2275.9663385685544;2286.54797113121;2297.183181580259;2307.871969915701;
    DUE_DATES:10000.0;10036.602544907375;10067.471328522755;13398.309087618773;13545.425715904847;13669.46904318422;13884.037401848926;13950.358414876997;14064.700489437937;19046.699139718505;19103.34341034359;23411.697253145616;23464.2126228512;23584.77098994605;23692.169519310974;23809.819148582323;23910.59316541652;24143.49594464537;24382.04978474263;24417.277456299536;24540.3794640904;24580.08195272533;24809.717452975903;25009.573863538633;25153.943349381687;28759.51885546698;28914.61627864069;28974.30877207182;29205.251350232054;29461.105193569136;29537.887301143324;29776.388726869798;29797.717119402725;30062.247554108515;34882.79036486588;34896.65668213709;34944.7265734381;35005.33816260827;35174.0364321512;35304.43009597296;35421.28569512275;35450.191331987284;35542.610067006;35598.803525871896;35820.36242936857;35860.38561211004;39855.73333465277;40073.3943808502;44700.112924793626;44952.72981265167;45047.93688099704;45104.27481494259;45345.623067455424;45372.118302412106;45425.40647157807;49829.197333057346;49834.21821942976;54254.34409982369;59540.69849726525;59613.60236405612;59689.910188814756;59924.79812103701;60077.274921105134;60247.533015820794;60489.20550802882;64362.75104639175;64616.91997529199;64860.884484932736;64965.93695622535;65075.23007689123;65338.66792090869;65532.556915217174;65543.97873249876;65661.7291130142;65846.67080173244;66070.57069253526;66079.57246375365;66166.56839180265;66204.31393529814;66241.36170526991;71507.20837465161;71677.22771430657;71780.27588062639;71949.31887063841;72181.50479864876;72186.62479164581;72202.87523030315;72311.43364737742;72534.42258756206;72703.4145441062;72849.61995880472;73051.25452118988;73051.55224237633;73209.0085379557;73436.24830678149;73689.46290504518;73809.42504068809;73934.16813910769;74089.45467193639;74177.04119338866;74219.53178032099;74281.5073715493;74464.72629143277;74651.98609224753;74717.80106378233;74759.05977060353;74979.28491929188;75041.83885426828;75045.26162823393;75190.78602252001;75333.60000970842;75414.52614531886;75567.847243135;75673.88334359856;75828.67438229173;75831.49000192816;75855.53758253656;75926.74221108502;75960.03763128008;79495.35491151793;84462.28369729508;84721.40159565081;84891.13843741742;87675.77152453925;87892.42125529639;88142.3580429466;88314.58082952416;88328.21750038487;88365.7708067665;88441.83030428842;88649.6461106656;92823.6403765634;95859.91828931577;96121.62503982737;100628.73082254862;100714.48844745253;100834.8924184025;101001.22258937299;101211.39331707134;106407.82787869392;109953.05496259232;110147.05113685524;110394.86630968447;110637.00725539481;110792.09639529066;110939.74415931922;114735.68297860211;114951.12987175961;115035.92231297109;119954.88713847984;119965.42998710067;120219.52446102478;120404.28043042528;120409.02740156424;120648.18554433927;120754.90235361509;123963.22929726918;128497.29337178367;128591.27227939761;128846.65013919785;128926.4608467721;129086.54203790175;129177.26114493901;129395.50913923662;129485.25283128144;129527.66603363966;134188.04487192235;134406.19640327312;134436.56752254468;138336.1477487905;138536.9361232906;138668.19981039825;138815.5429530823;138895.40034166633;138970.735185112;139080.7193818138;139148.4342893826;139271.04259945956;139521.3205119799;139653.0854533699;139915.01065465878;140060.59175996052;140081.2695783074;140145.68859623044;140228.9128614183;140480.6016555544;140730.21713499437;140766.40564361887;141032.67122224096;141231.03129899024;141473.71255469703;141638.31086580805;141849.63739183443;142040.35576415074;145867.6677276185;145967.54112713723;146172.9138587341;146346.53300967877;146363.53365843874;151438.00224109885;
