# AG41 CHALLENGE 2012 INSTANCE FILE
NBR_PRODUCT:100
  CUSTOMER_HOLDING_COSTS:0.07954334321555231;
    TRANSPORTER_CAPACITY:35
    TRANSPORTER_DELIVERY_TIMES:162.77281212101963
    TRANSPORTER_DELIVERY_COSTS:728.9220449499697
  SUPPLIER_SETUP_TIMES:5.0
  SUPPLIER_SETUP_COSTS:15609.484233963161
  SUPPLIER_PRODUCTION_TIMES:1.0
  SUPPLIER_HOLDING_COSTS:0.07511806271254788
    SUPPLIER_PRODUCTION_HOLDING_COSTS:0.07511806271254788;15609.521792994517;15609.634470088586;15609.822265245368;15610.085178464862;15610.423209747069;15610.836359091987;15611.32462649962;15611.888011969962;15612.52651550302;15613.240137098788;15614.028876757271;15614.892734478464;15615.831710262371;15616.84580410899;15617.935016018322;15619.099345990368;15620.338794025125;15621.653360122595;15623.043044282776;15624.50784650567;15626.047766791278;15627.662805139598;15629.35296155063;15631.118236024375;15632.958628560833;15634.874139160003;15636.864767821886;15638.93051454648;15641.071379333787;15643.287362183808;15645.57846309654;15647.944682071986;15650.386019110143;15652.902474211014;15655.494047374597;15658.160738600893;15660.9025478899;15663.719475241622;15666.611520656053;15669.5786841332;15672.620965673057;15675.738365275629;15678.930882940911;15682.198518668907;15685.541272459615;15688.959144313038;15692.45213422917;15696.020242208016;15699.663468249575;15703.381812353846;15707.17527452083;15711.043854750525;15714.987553042934;15719.006369398056;15723.10030381589;15727.269356296436;15731.513526839695;15735.832815445667;15740.22722211435;15744.696746845748;15749.241389639858;15753.86115049668;15758.556029416213;15763.32602639846;15768.17114144342;15773.091374551092;15778.086725721476;15783.157194954572;15788.302782250381;15793.523487608903;15798.819311030138;15804.190252514085;15809.636312060746;15815.157489670117;15820.753785342202;15826.425199076999;15832.17173087451;15837.993380734732;15843.890148657667;15849.862034643314;15855.909038691674;15862.031160802748;15868.228400976532;15874.50075921303;15880.848235512241;15887.270829874164;15893.7685422988;15900.341372786146;15906.989321336207;15913.71238794898;15920.510572624466;15927.383875362664;15934.332296163575;15941.355835027198;15948.454491953533;15955.628266942582;15962.877159994343;15970.201171108816;15977.600300286002;15985.074547525901;
    DUE_DATES:10000.0;10177.523835252154;10216.454853226614;10237.141038672198;10370.645375923352;10405.10680274239;10472.62367938603;10524.883428837898;10526.171148115687;10571.606690107697;10686.942331194114;10748.421176098636;10920.80518720339;11087.197661838392;11154.260089536963;11310.871046289558;11484.04407259345;14084.328303048582;14218.303599443423;17064.93953756593;17190.218737279738;17239.419501605866;17289.641870709187;17331.748724335936;17474.191681595174;17539.427006682075;20868.885793129433;20960.67462745848;21091.970490258467;21271.193888233724;21315.050777672863;21364.188475855524;21432.821850130127;21511.224123538268;24069.768883908484;24144.51296365601;24282.2918220438;24306.00481006515;26408.83533942182;26433.252978655517;26585.885676133163;26672.51476139115;26732.93642637431;26906.74789818574;27042.74808946283;27200.09821060464;27238.89716574091;27275.605296683378;27376.39731671453;27494.850984873894;27594.77853109051;27716.839577507675;27789.530580722952;31390.52615223461;31478.577803000244;31591.462850180884;31742.341802028153;31841.221916276674;31998.723467326923;32058.813216395927;32140.23050608491;32164.640673113867;32279.88950086625;32286.239088321265;32358.11433376434;32377.86484625859;32459.120821540055;32584.225012031686;32606.024395123444;32649.783053181887;35731.9252861224;35741.70819608974;35835.32633011097;36000.78686785719;36073.05015110049;36099.39732503131;36173.97252592804;36192.509522895314;36200.796311714155;36345.040829569225;36523.326281261216;36537.345041666376;36702.722192136935;36873.5901355557;36966.09734092459;37037.38098029633;39758.01716953899;39782.63157500655;39900.35606560314;40037.80580949253;40136.7030640698;40152.33926779739;40159.472434465184;40162.73088620445;40222.71749622436;40268.09643485485;40448.721031157875;40466.261880172075;40499.33970411411;40677.33959830332;
