# AG41 CHALLENGE 2012 INSTANCE FILE
NBR_PRODUCT:150
  CUSTOMER_HOLDING_COSTS:0.07290377175950424;
    TRANSPORTER_CAPACITY:75
    TRANSPORTER_DELIVERY_TIMES:132.57998811927703
    TRANSPORTER_DELIVERY_COSTS:933.6410201201625
  SUPPLIER_SETUP_TIMES:5.0
  SUPPLIER_SETUP_COSTS:2828.656828854345
  SUPPLIER_PRODUCTION_TIMES:1.0
  SUPPLIER_HOLDING_COSTS:0.07160356239727125
    SUPPLIER_PRODUCTION_HOLDING_COSTS:0.07160356239727125;2828.6926306355435;2828.8000359791395;2828.9790448851327;2829.229657353523;2829.551873384311;2829.9456929774956;2830.411116133078;2830.9481428510576;2831.5567731314345;2832.2370069742083;2832.9888443793798;2833.8122853469486;2834.707329876914;2835.6739779692775;2836.7122296240377;2837.8220848411956;2839.0035436207504;2840.256605962703;2841.5812718670522;2842.9775413337993;2844.445414362943;2845.9848909544844;2847.5959711084233;2849.278654824759;2851.032942103492;2852.8588329446225;2854.75632734815;2856.7254253140754;2858.7661268423976;2860.878431933117;2863.062340586234;2865.317852801748;2867.6449685796592;2870.043687919968;2872.5140108226738;2875.0559372877765;2877.669467315277;2880.3546009051747;2883.1113380574698;2885.939678772162;2888.8396230492513;2891.811170888738;2894.8543222906223;2897.9690772549034;2901.155435781582;2904.4133978706577;2907.742963522131;2911.144132736001;2914.616905512269;2918.161281850934;2921.7772617519963;2925.4648452154556;2929.224032241312;2933.0548228295665;2936.9572169802177;2940.931214693266;2944.976815968712;2949.094020806555;2953.2828292067957;2957.5432411694333;2961.875256694468;2966.2788757819003;2970.7540984317297;2975.3009246439565;2979.9193544185805;2984.609387755602;2989.3710246550204;2994.204265116836;2999.109109141049;3004.0855567276594;3009.133607876667;3014.253262588072;3019.444520861874;3024.7073826980736;3030.0418480966705;3035.447917057664;3040.9255895810556;3046.474865666844;3052.09574531503;3057.788228525613;3063.5523152985934;3069.388005633971;3075.2952995317455;3081.274196991918;3087.3246980144872;3093.446802599454;3099.640510746818;3105.9058224565792;3112.2427377287377;3118.6512565632934;3125.1313789602464;3131.6831049195966;3138.306434441344;3145.0013675254895;3151.767904172031;3158.606044380971;3165.5157881523073;3172.4971354860413;3179.5500863821726;3186.674640840701;3193.870798861627;3201.13856044495;3208.47792559067;3215.888894298788;3223.371466569303;3230.9256424022146;3238.551421797524;3246.2488047552306;3254.0177912753347;3261.858381357836;3269.7705750027344;3277.75437221003;3285.809772979723;3293.9367773118133;3302.135385206301;3310.405596663186;3318.747411682468;3327.1608302641475;3335.645852408224;3344.202478114698;3352.830707383569;3361.5305402148374;3370.3019766085035;3379.1450165645665;3388.0596600830268;3397.0459071638843;3406.103757807139;3415.2332120127912;3424.4342697808406;3433.706931111287;3443.051196004131;3452.467064459372;3461.9545364770106;3471.513612057046;3481.144291199479;3490.8465739043095;3500.620460171537;3510.4659500011617;3520.383043393184;3530.371740347603;3540.43204086442;3550.563944943634;3560.767452585245;3571.042563789253;3581.389278555659;3591.807596884462;3602.297518775662;3612.85904422926;3623.4921732452544;3634.1969058236464;
    DUE_DATES:10000.0;10021.026224180732;10130.168776229508;13308.391822701833;13380.752964072313;13532.878779975897;13765.84436351513;13982.340696577507;14047.460494286346;14300.408499606996;14465.497374221502;14604.269166318896;14829.469964666696;14850.078578226812;15109.005471390594;15327.61435315377;15564.765713835495;15622.382178213942;15638.57551947037;15688.024334840753;15706.193845817656;19351.29620698223;19540.13695894423;19582.308226917816;19694.481585450565;19817.056568663884;19926.520126214848;20029.309768098217;20203.333027193097;20320.85019218812;20550.9561444197;20744.84433918868;21001.807603410576;21213.03481734328;21253.700884400256;21508.755570329584;21651.353919396046;21886.362343225763;26079.73988813255;26283.55261457024;26517.526246223166;26541.427347507797;26730.20881025868;26740.016344407817;26918.58857254897;27126.569521006375;27164.535099378685;27330.78420688161;27530.08215811729;31607.687079614177;31613.556711820813;31647.42338295876;31755.18277059629;31782.255307694828;31891.7461319968;31970.62445435098;32021.046128589915;32034.110616700396;32283.95581047872;32331.68560312341;32546.128062721556;32590.310563887204;36249.35967246677;36276.9658961818;36508.22426855076;41640.96788282894;41658.63095330538;41671.60178010882;41813.8402455614;42003.030185259224;42093.79758078844;42118.4319943552;42205.403028903325;42321.91124694653;42428.32547810043;42672.43507634171;42853.4352634142;43117.70497783727;43174.14927319794;43336.40296610639;43597.48154005298;43743.32479563155;43858.15634527324;43905.61045466864;43942.8631997868;44066.169228489445;44189.17579846163;44344.036015048856;44601.383451723595;44777.34915295613;44795.05505522901;44849.47061075829;45105.13591053531;45239.03960974092;45290.32834312742;45547.02265091483;45590.99105189953;45734.65943606144;45985.3717641343;46152.167697399556;46216.2256246028;46415.72271924912;51241.79896206961;51484.60085673459;54159.78607242951;54184.48207598468;54357.6284717322;54494.17679926508;59688.61302224569;59812.669671033604;60055.31103926918;60086.02966960301;60235.23789448613;60359.6759177795;60435.746653786155;60698.256493205554;60800.861986191994;60927.75516096012;61099.723608015294;61320.10027855178;61406.01385575177;61665.98307856675;61909.35476448065;62125.96196876299;62244.67106934151;62294.73073615892;62395.49769626205;65392.83845060693;65471.332130609444;65557.27004071695;65670.49619062345;65777.53122954129;65938.98115403888;65979.83205733824;66210.00608953551;66423.63300205582;66638.52625990773;70956.5443663776;71014.022919475;71214.92965108049;71418.16569525198;71610.06631532035;71772.87168538559;75706.31167982532;75866.84205341255;76084.75362844003;76166.18162389209;76400.05966407698;76568.96558962346;79882.72925647773;
