# AG41 CHALLENGE 2012 INSTANCE FILE
NBR_PRODUCT:100
  CUSTOMER_HOLDING_COSTS:0.029798838561648777;
    TRANSPORTER_CAPACITY:50
    TRANSPORTER_DELIVERY_TIMES:116.03402395698743
    TRANSPORTER_DELIVERY_COSTS:760.4785141351745
  SUPPLIER_SETUP_TIMES:5.0
  SUPPLIER_SETUP_COSTS:2233.7746101052235
  SUPPLIER_PRODUCTION_TIMES:1.0
  SUPPLIER_HOLDING_COSTS:0.028263183801002068
    SUPPLIER_PRODUCTION_HOLDING_COSTS:0.028263183801002068;2233.788741697124;2233.8311364728256;2233.901794432328;2234.0007155756316;2234.127899902736;2234.2833474136414;2234.467058108348;2234.6790319868555;2234.919269049164;2235.1877692952735;2235.484532725184;2235.8095593388957;2236.162849136408;2236.544402117722;2236.9542182828363;2237.3922976317517;2237.8586401644684;2238.353245880986;2238.8761147813043;2239.427246865424;2240.0066421333445;2240.614300585066;2241.2502222205885;2241.914407039912;2242.606855043037;2243.327566229962;2244.0765406006885;2244.8537781552163;2245.659278893545;2246.4930428156745;2247.355069921605;2248.2453602113364;2249.163913684869;2250.1107303422027;2251.0858101833373;2252.089153208273;2253.1207594170096;2254.1806288095468;2255.2687613858857;2256.385157146025;2257.5298160899656;2258.7027382177075;2259.90392352925;2261.1333720245934;2262.391083703738;2263.6770585666836;2264.99129661343;2266.3337978439777;2267.7045622583264;2269.103589856476;2270.530880638427;2271.986434604178;2273.4702517537307;2274.9823320870846;2276.522675604239;2278.091282305195;2279.6881521899513;2281.313285258509;2282.9666815108676;2284.648340947027;2286.3582635669877;2288.0964493707493;2289.862898358312;2291.657610529676;2293.4805858848404;2295.3318244238058;2297.2113261465724;2299.1190910531404;2301.055119143509;2303.0194104176785;2305.011964875649;2307.032782517421;2309.0818633429935;2311.159207352367;2313.264814545542;2315.3986849225175;2317.560818483294;2319.751215227872;2321.9698751562505;2324.21679826843;2326.491984564411;2328.7954340441925;2331.127146707775;2333.4871225551587;2335.8753615863434;2338.2918638013293;2340.7366292001157;2343.2096577827033;2345.710949549092;2348.240504499282;2350.7983226332726;2353.384403951064;2355.998748452657;2358.6413561380505;2361.3122270072454;2364.011361060241;2366.7387582970377;2369.494418717635;2372.278342322034;2375.090529110234;
    DUE_DATES:10000.0;10065.94478870226;10265.715054919134;10490.85258111453;10498.342764963478;10701.91249960846;10894.713709469821;11070.25143723277;11274.40557542666;11383.674746348528;11546.219350834104;14851.83334968617;15023.107530715224;15098.732559443506;15323.979411188486;15392.039116350737;15499.315772367083;15523.583540379443;15540.907041767545;19422.062615087772;19534.203385086344;19757.484327679555;19910.99387722778;19989.473433043226;20034.52435047377;20037.165540316644;20169.714484037733;20385.826127678833;20552.609722638656;20644.6939545218;20865.758045191997;24202.949243046936;24204.918858638906;27792.793947440732;30465.252719195312;30606.434302531226;30843.806424434166;30999.066552173066;35129.11555097344;35141.86905147736;35231.19020465937;35240.02088417561;35434.245376498184;35534.18031385378;39998.63324622302;40027.75683508098;40171.5129877756;40358.414189782496;44986.82523638639;45217.73985606413;45286.53796009202;45312.91982834258;45538.74069190642;45761.496857748796;45952.794297210814;46151.67424520692;46375.053613048454;46539.816515045844;50749.983248810575;50933.104993291985;51042.62529535786;51122.573815005715;51290.478942409885;51437.106999696494;54462.93575690509;54495.43982054164;54680.85577992647;54775.15313647843;54783.86248342683;54871.271043020155;55060.6803491084;55138.57186109561;55346.1658369054;55348.92839529794;55559.2106794355;55665.525458952805;55856.1796436229;59608.53134388082;59641.49772747151;59807.07431681097;60021.838715618695;60209.85402126082;60378.28696351465;63681.57525498;63885.26851802968;64052.926136385286;64106.273417018885;64140.14159240047;64246.526490819095;64435.74040511156;64651.25259616732;64667.746771535494;64685.971475243925;64700.012023355164;64775.75329876884;64816.86695194755;65001.29742518036;65018.96989966154;65216.77282472284;65382.7548886367;
