# AG41 CHALLENGE 2012 INSTANCE FILE
NBR_PRODUCT:100
  CUSTOMER_HOLDING_COSTS:0.49041078233303664;
  TRANSPORTER:0
    TRANSPORTER_CAPACITY:50
    TRANSPORTER_DELIVERY_TIMES:131.80945246315696
    TRANSPORTER_DELIVERY_COSTS:911.3264763637804
  SUPPLIER_SETUP_TIMES:5.0
  SUPPLIER_SETUP_COSTS:845.2014023773017
  SUPPLIER_PRODUCTION_TIMES:1.0
  SUPPLIER_HOLDING_COSTS:0.4794508683937537
    SUPPLIER_PRODUCTION_HOLDING_COSTS:0.4794508683937537;845.4411278114986;846.1603041140893;847.3589312850736;849.0370093244518;851.1945382322236;853.8315180083894;856.9479486529488;860.5438301659019;864.6191625472487;869.1739457969894;874.2081799151239;879.721864901652;885.7150007565739;892.1875874798897;899.1396250715991;906.5711135317022;914.4820528601991;922.8724430570899;931.7422841223743;941.0915760560525;950.9203188581245;961.2285125285902;972.0161570674496;983.2832524747027;995.0297987503498;1007.2557958943905;1019.961243906825;1033.1461427876532;1046.8104925368752;1060.9542931544909;1075.5775446405005;1090.6802469949037;1106.2624002177006;1122.3240043088913;1138.865059268476;1155.8855650964542;1173.3855217928262;1191.364929357592;1209.8237877907513;1228.7620970923047;1248.1798572622517;1268.0770683005926;1288.453730207327;1309.3098429824554;1330.6454066259773;1352.4604211378933;1374.7548865182027;1397.528802766906;1420.782169884003;1444.5149878694938;1468.7272567233786;1493.4189764456569;1518.5901470363287;1544.2407684953946;1570.3708408228542;1596.9803640187076;1624.0693380829548;1651.6377630155955;1679.6856388166302;1708.2129654860585;1737.2197430238807;1766.7059714300963;1796.671650704706;1827.1167808477094;1858.0413618591065;1889.4453937388973;1921.328876487082;1953.6918101036604;1986.5341945886325;2019.8560299419985;2053.657316163758;2087.9380532539117;2122.6982412124585;2157.9378800393997;2193.656969734734;2229.855510298463;2266.5335017305847;2303.6909440311006;2341.3278372000104;2379.4441812373134;2418.039976143011;2457.1152219171017;2496.669918559586;2536.704066070465;2577.217664449737;2618.2107136974028;2659.6832138134628;2701.6351647979163;2744.0665666507634;2786.977419372004;2830.3677229616387;2874.237477419668;2918.5866827460895;2963.4153389409057;3008.7234460041154;3054.5110039357187;3100.778012735716;3147.524472404107;3194.750382940892;3242.4557443460703;
    DUE_DATES:10000.0;10435.486632032362;10983.98008940174;11044.690958297791;11101.03239562297;11354.144292147064;11378.725200245026;11416.418480341552;11981.056790899935;12014.304341293639;12074.473637024115;12122.001479452976;12185.087287119128;12255.383245279083;12272.961386667057;12331.885854427821;12367.867436842922;12401.798357751213;12424.674675831076;12437.652858995689;12488.4340136379;12516.889847984625;12548.293458919863;12600.050075082509;12621.90045010693;12676.480148612394;12735.842484714898;12756.871505129962;12836.714344975731;12886.64463264098;12927.965339804658;12942.629519556707;13013.517950048488;13071.424083144933;13149.495918712946;13158.470476008577;13217.603838087218;13847.800388600934;13859.876166508377;13909.910163615355;13992.006728878192;14001.640520025987;14042.585812525322;14085.33216346417;14125.389446106938;14332.833937701735;14354.310394850523;14393.502762844708;14406.941430991677;14479.152588919584;14510.216575478224;14541.748752319407;14560.651031566478;14613.23926625457;14690.330368694438;14706.821090063664;14770.439379994006;15065.027565385666;15150.661362120849;15226.86484918704;15300.791105767172;15343.71522847444;15361.284550685104;16040.78315772277;16120.134467147649;16193.784704977683;16262.713479789341;16278.764945334366;16289.455521758524;16361.08035872412;16425.163949742528;16484.12676944086;16542.761482341524;16583.287614398334;16626.393429272906;16670.725100024167;16708.86446909059;16912.428438116458;16976.820408356416;16994.376720531916;17047.88816400419;17054.63060861508;17104.021011278714;17104.138297123034;17187.0632458182;17228.118615866053;17311.14052090413;17396.851278259877;17434.682646017573;17465.934546549313;17505.068032146097;18274.677464377964;18322.156770581747;18338.246506521846;18658.997864975965;18741.23678632848;18785.745104005295;18826.864266497825;18912.103676168033;18945.96883790233;
