# AG41 CHALLENGE 2012 INSTANCE FILE
NBR_PRODUCT:100
  CUSTOMER_HOLDING_COSTS:0.04330555893941068;
    TRANSPORTER_CAPACITY:50
    TRANSPORTER_DELIVERY_TIMES:151.1659941547332
    TRANSPORTER_DELIVERY_COSTS:525.9706442991717
  SUPPLIER_SETUP_TIMES:5.0
  SUPPLIER_SETUP_COSTS:2927.5985822800226
  SUPPLIER_PRODUCTION_TIMES:1.0
  SUPPLIER_HOLDING_COSTS:0.041510461980034906
    SUPPLIER_PRODUCTION_HOLDING_COSTS:0.041510461980034906;2927.6193375110124;2927.681603203983;2927.785379358933;2927.9306659758627;2928.117463054773;2928.345770595663;2928.6155885985336;2928.926917063384;2929.279755990214;2929.6741053790242;2930.109965229815;2930.587335542585;2931.1062163173356;2931.666607554066;2932.2685092527763;2932.911921413467;2933.5968440361376;2934.323277120788;2935.091220667419;2935.9006746760297;2936.75163914662;2937.6441140791912;2938.578099473742;2939.553595330273;2940.5706016487834;2941.6291184292745;2942.7291456717453;2943.870683376196;2945.0537315426272;2946.2782901710384;2947.5443592614292;2948.8519388138006;2950.2010288281517;2951.591629304483;2953.023740242794;2954.4973616430852;2956.0124935053564;2957.5691358296076;2959.167288615839;2960.8069518640505;2962.488125574242;2964.2108097464134;2965.9750043805648;2967.7807094766963;2969.627925034808;2971.5166510548997;2973.446887536971;2975.4186344810228;2977.4318918870545;2979.4866597550663;2981.582938085058;2983.72072687703;2985.9000261309816;2988.1208358469135;2990.3831560248254;2992.686986664717;2995.0323277665893;2997.4191793304412;2999.8475413562733;3002.3174138440854;3004.8287967938777;3007.3816902056496;3009.9760940794017;3012.612008415134;3015.2894332128462;3018.0083684725387;3020.768814194211;3023.5707703778635;3026.414237023496;3029.299214131108;3032.2257017007005;3035.193699732273;3038.2032082258256;3041.254227181358;3044.346756598871;3047.4807964783636;3050.656346819836;3053.8734076232886;3057.1319788887213;3060.432060616134;3063.773652805527;3067.1567554569;3070.581368570253;3074.0474921455857;3077.5551261828987;3081.104270682192;3084.6949256434646;3088.327091066718;3092.000766951951;3095.715953299164;3099.472650108357;3103.2708573795303;3107.1105751126834;3110.991803307817;3114.9145419649303;3118.8787910840233;3122.884550665097;3126.93182070815;3131.0206012131835;3135.150892180197;
    DUE_DATES:10000.0;10024.639209297047;10079.648270366839;10206.290036684528;10289.352285501474;10389.00198007761;10476.802727856933;10557.937366008213;10692.21471638905;10697.186863856823;10801.704786950899;10805.420361890407;13528.550795127489;13542.719419812602;13677.833029916112;13792.314669640626;13902.318572291606;14017.163773459642;14080.066227797091;14125.675850460524;14191.399871777889;14224.719785807905;14256.944972932615;14344.668337101895;14383.320073033683;14388.600351323563;16489.675975915317;16556.76451928769;16693.53749442247;16768.956133218504;16818.670659881773;16911.918834259002;16925.967753135505;17070.251420921228;17138.901803984325;17215.863943919823;17222.287811881713;19160.65022092055;19249.055956450353;19387.619969648487;19461.218961853865;19466.66698286365;19476.16902264025;19617.267483545573;19746.015301505893;19824.346308666434;22695.69098760042;22771.54349552132;22811.142713635905;22811.77903675777;22908.142959954504;22992.286891859807;23127.850529675397;23269.56109680634;23276.720072018896;23314.200176314527;23426.028585400953;23439.27651364802;23454.11499416345;23504.565499609453;23574.163390714923;23605.48983202861;23744.205515834987;23787.1717634779;23879.075995471776;23984.642591867098;23992.63716266854;24111.347014063376;24243.011520492804;24381.912126191004;24398.1314110504;27087.217135538798;27231.1272154478;27255.817818942607;29534.09108176662;29681.885652319972;29801.249537283362;29865.433618174982;29876.04100533383;29895.40615841794;29925.19763377126;32470.64583809488;32621.75839164428;32711.064838192924;32759.866413326454;32836.81399774325;32980.14366831145;33008.33740324655;33046.3593719746;33185.834272274646;33207.98993877056;33268.32165960281;33422.14810499715;33425.9522774849;33564.43386334166;33572.28193211137;33645.3205517663;33711.24397471762;35330.595449535664;35428.49886020786;
