# AG41 CHALLENGE 2012 INSTANCE FILE
NBR_PRODUCT:300
  CUSTOMER_HOLDING_COSTS:0.027771137043750265;
    TRANSPORTER_CAPACITY:47
    TRANSPORTER_DELIVERY_TIMES:142.58057838030277
    TRANSPORTER_DELIVERY_COSTS:757.0128148775551
  SUPPLIER_SETUP_TIMES:5.0
  SUPPLIER_SETUP_COSTS:10913.86506960743
  SUPPLIER_PRODUCTION_TIMES:1.0
  SUPPLIER_HOLDING_COSTS:0.025432001935331416
    SUPPLIER_PRODUCTION_HOLDING_COSTS:0.025432001935331416;10913.877785608396;10913.9159336113;10913.979513616137;10914.068525622912;10914.18296963162;10914.322845642266;10914.488153654846;10914.67889366936;10914.89506568581;10915.136669704196;10915.403705724517;10915.696173746774;10916.014073770964;10916.35740579709;10916.726169825153;10917.120365855151;10917.539993887085;10917.985053920953;10918.455545956756;10918.951469994496;10919.472826034169;10920.01961407578;10920.591834119325;10921.189486164805;10921.81257021222;10922.461086261572;10923.135034312858;10923.83441436608;10924.559226421236;10925.309470478329;10926.085146537356;10926.88625459832;10927.712794661216;10928.564766726051;10929.44217079282;10930.345006861524;10931.273274932164;10932.226975004738;10933.206107079248;10934.210671155693;10935.240667234075;10936.296095314392;10937.376955396643;10938.48324748083;10939.614971566953;10940.77212765501;10941.954715745003;10943.162735836931;10944.396187930795;10945.655072026593;10946.939388124327;10948.249136223998;10949.584316325601;10950.944928429142;10952.330972534617;10953.74244864203;10955.179356751376;10956.641696862656;10958.129468975874;10959.642673091026;10961.181309208114;10962.745377327135;10964.334877448095;10965.949809570988;10967.590173695817;10969.255969822581;10970.94719795128;10972.663858081916;10974.405950214486;10976.17347434899;10977.966430485432;10979.784818623808;10981.62863876412;10983.497890906367;10985.39257505055;10987.312691196666;10989.25823934472;10991.229219494708;10993.22563164663;10995.24747580049;10997.294751956284;10999.367460114014;11001.465600273677;11003.589172435279;11005.738176598814;11007.912612764285;11010.112480931692;11012.337781101032;11014.588513272309;11016.864677445521;11019.166273620669;11021.493301797751;11023.84576197677;11026.223654157724;11028.626978340611;11031.055734525436;11033.509922712195;11035.98954290089;11038.49459509152;11041.025079284087;11043.580995478587;11046.162343675023;11048.769123873395;11051.4013360737;11054.058980275944;11056.742056480121;11059.450564686234;11062.184504894281;11064.943877104266;11067.728681316185;11070.538917530039;11073.374585745827;11076.235685963553;11079.122218183213;11082.034182404808;11084.97157862834;11087.934406853805;11090.922667081206;11093.936359310543;11096.975483541815;11100.040039775024;11103.130028010166;11106.245448247244;11109.386300486258;11112.552584727206;11115.74430097009;11118.961449214908;11122.204029461664;11125.472041710354;11128.76548596098;11132.08436221354;11135.428670468036;11138.798410724468;11142.193582982834;11145.614187243136;11149.060223505374;11152.531691769547;11156.028592035655;11159.550924303698;11163.098688573677;11166.671884845591;11170.27051311944;11173.894573395226;11177.544065672946;11181.2189899526;11184.919346234192;11188.645134517717;11192.396354803179;11196.173007090576;11199.975091379907;11203.802607671176;11207.655555964378;11211.533936259515;11215.43774855659;11219.366992855597;11223.321669156541;11227.301777459421;11231.307317764236;11235.338290070986;11239.39469437967;11243.476530690292;11247.583799002849;11251.71649931734;11255.874631633766;11260.058195952128;11264.267192272426;11268.501620594658;11272.761480918825;11277.046773244929;11281.357497572968;11285.693653902943;11290.055242234852;11294.442262568697;11298.854714904475;11303.292599242191;11307.755915581842;11312.244663923428;11316.75884426695;11321.298456612407;11325.863500959798;11330.453977309126;11335.069885660389;11339.711226013585;11344.37799836872;11349.070202725788;11353.787839084793;11358.530907445731;11363.299407808607;11368.093340173416;11372.912704540162;11377.757500908841;11382.627729279458;11387.52338965201;11392.444482026496;11397.391006402917;11402.362962781275;11407.360351161567;11412.383171543795;11417.43142392796;11422.505108314057;11427.604224702092;11432.728773092062;11437.878753483965;11443.054165877806;11448.25501027358;11453.481286671291;11458.732995070937;11464.01013547252;11469.312707876035;11474.640712281487;11479.994148688875;11485.373017098196;11490.777317509455;11496.207049922648;11501.662214337777;11507.14281075484;11512.64883917384;11518.180299594775;11523.737192017645;11529.319516442449;11534.92727286919;11540.560461297866;11546.219081728477;11551.903134161024;11557.612618595505;11563.347535031922;11569.107883470275;11574.893663910563;11580.704876352787;11586.541520796945;11592.40359724304;11598.291105691069;11604.204046141032;11610.142418592932;11616.106223046769;11622.095459502538;11628.110127960244;11634.150228419885;11640.215760881461;11646.306725344974;11652.423121810421;11658.564950277803;11664.732210747121;11670.924903218374;11677.143027691563;11683.386584166687;11689.655572643747;11695.94999312274;11702.26984560367;11708.615130086537;11714.985846571337;11721.381995058073;11727.803575546743;11734.25058803735;11740.723032529891;11747.220909024369;11753.744217520782;11760.29295801913;11766.867130519413;11773.466735021631;11780.091771525786;11786.742240031874;11793.4181405399;11800.11947304986;11806.846237561753;11813.598434075584;11820.37606259135;11827.17912310905;11834.007615628687;11840.86154015026;11847.740896673766;11854.645685199208;11861.575905726586;11868.5315582559;11875.51264278715;11882.519159320333;11889.551107855452;11896.608488392505;11903.691300931496;11910.79954547242;11917.933222015281;11925.092330560077;11932.276871106807;11939.486843655475;11946.722248206077;11953.983084758613;11961.269353313086;11968.581053869493;11975.918186427836;11983.280750988115;11990.66874755033;11998.082176114478;12005.521036680562;12012.985329248582;12020.475053818538;12027.990210390428;12035.530798964253;12043.096819540015;12050.688272117712;12058.305156697343;
    DUE_DATES:10000.0;10272.26397733703;10546.975014166663;10622.066186446873;10859.439092192244;11074.966002649517;11150.17188979521;11351.082419864002;11552.894800333414;11563.763230655422;11840.461293695551;12082.036423655165;15939.74733534054;16092.852895421394;16205.789191989086;16269.539158649077;16444.61757736767;16455.141220704016;16526.51216432855;16736.04020724692;16966.592420855683;17109.89816768548;17246.476208378408;17311.35703059682;17435.247201703045;17455.034582475968;17613.467046167876;17821.529946649902;18041.03172311527;18198.951038089286;18279.489142644255;18301.09281163252;18365.131420496233;18466.952759625314;18623.87552147371;18907.89443180115;19025.77526019862;24383.87342748647;24581.379090698552;24811.254080101877;24916.591730045348;25137.373500802943;25282.71886643462;25382.05738939938;25474.876989531167;25735.215338006405;25746.391166172274;26007.235556793858;26043.976002295705;26190.506511625303;26353.745085455786;26596.759842375974;32350.824232377883;32618.43391843904;36947.62008270314;37162.082168973415;37243.733116880256;37356.39939937433;37405.59147919067;37678.20030597079;37853.67231476785;37894.21109660919;38091.604366312684;43243.170971572195;43311.60179450218;43364.47812136073;43414.78709769178;46418.16807633193;46622.23697173178;46725.97449363795;46828.082402237065;46932.665609675394;46993.76727042377;47164.3756038035;47192.48861373255;47371.222979097896;47659.86941791536;47784.09125432245;47900.01571346444;48036.45745308961;48311.69992804313;48398.76261015448;48414.66383135136;48615.53625258064;48631.45717172635;48644.396250439335;48875.90516044135;49144.271080796294;49278.35363302261;49470.8586619912;49713.40048365474;49983.56941618917;50061.01046292384;50173.126233551346;50449.85312313276;50615.735222703894;50705.52483865081;50831.4239686445;51019.14141648969;51023.89307595702;51186.74185629215;51220.16747272935;51500.15201626587;51773.59071981961;52038.5439652209;52076.404060643144;52080.01774287337;52291.416706067685;52417.25212527529;52479.229973725276;52563.74470158015;52821.25056096119;52940.5142519893;53082.44208138388;53180.49497228376;53254.544599681896;53472.337635856275;53523.46352475537;53620.07203143966;53816.81744336021;53973.20337133709;54122.36423623427;54306.43766803558;54368.320680960926;54612.481921772385;54625.578213253706;54748.37020057769;54772.62142373267;54788.6504948685;54969.70100021507;55230.65507183785;55492.6245590442;55601.09376052255;55831.53182460335;56042.48026728556;56309.340010325475;56365.55107768855;56481.306287844985;56672.99010437976;56754.481312772645;56903.55434483088;57066.846559780606;57227.23231339132;57393.763284121254;57584.48202466593;57707.137428289396;57759.01442735723;57803.54761594683;58057.1360794109;58124.61777244946;58290.46695004718;58579.266615776956;58766.029725311826;58976.25820989467;59211.39188071753;59239.83657091388;59455.85540323429;59704.27700255221;59834.756392355106;60028.05328127037;60145.883301301445;60238.12754339866;60247.97291139304;60422.74383866556;60454.32223196867;60580.17191618525;60692.8878228137;60704.22970271961;60950.95586008404;61048.23636657007;61230.68248447614;61500.43756288164;61774.64848560848;61929.02571833564;61951.171443790285;62226.775664884306;62420.59591711203;62497.15508460832;62649.263885682376;62708.674494604806;62800.47814039518;62875.338341452436;63034.635731577335;63181.4720263894;63326.951745564336;63552.054229555375;63783.94102272969;63848.10494029988;64062.201434261624;64083.7921103899;64218.17237434248;64490.84849656836;64678.55101487589;64869.7607108351;64971.061699301106;65109.12898319707;65207.4156346476;65487.72430337265;65567.69348863672;65841.21392782568;66071.15830409518;66170.41228831581;71124.13267130467;71391.7148070793;71479.04320432858;71611.07740789367;71853.71180317726;72134.17993107162;72218.32125657033;72369.12094148797;72524.21889960046;72799.15151723727;75958.43478733859;76236.15449578663;76494.67130544876;76495.00525143524;76628.93275483152;80619.33161755736;84263.10240915329;84284.13189231842;84563.36768934625;84852.09044584833;85139.939025482;85232.67160670311;85361.71992831124;85623.27419980045;85731.6504215965;85984.61474485816;86063.8435274869;86281.94260474802;90116.13235683518;90320.36535177786;90340.3342988586;90576.72162981458;90845.06589948673;91026.13991857973;91039.9348469964;91177.65075487152;91445.6363344733;91630.21944718977;91707.8974664574;91874.34429569336;92052.21530439718;92102.79093851577;92206.29896440475;92272.48460780505;92518.11539189465;92798.12017406592;92951.80694824539;93239.02961121059;93264.6208960505;93417.3924099616;93698.49214904837;93841.11195466427;94043.1755833382;94201.7346613353;94456.95810481209;94729.78403081524;94989.1185049593;95179.94326077834;95408.56991036008;95439.77323424516;95468.64015581351;95571.22208182284;95831.84501691059;96027.19341265142;96193.91270593072;96209.0176658146;96376.35030606014;96397.93943628072;96564.62910619976;96727.8191114263;96807.73099968552;96870.27326955991;101042.21201728412;101175.31632367025;101310.52287881247;101510.63592792199;101603.02079073426;101634.87776839167;101750.46674827505;101859.28693432877;101999.8081299742;102108.7320964762;102325.9672946793;102482.79633079283;102597.8888487739;102661.94890969536;102800.54950198928;108146.30610727383;108433.01589970694;108650.34667447572;108783.69831707141;109027.06301101406;109273.33109613416;109393.32794260749;114338.44552526287;114597.26925714803;114669.65906510904;114787.04332137683;
