# AG41 CHALLENGE 2012 INSTANCE FILE
NBR_PRODUCT:150
  CUSTOMER_HOLDING_COSTS:0.009217792079371656;
    TRANSPORTER_CAPACITY:23
    TRANSPORTER_DELIVERY_TIMES:18.19218215220008
    TRANSPORTER_DELIVERY_COSTS:78.743211383777
  SUPPLIER_SETUP_TIMES:5.0
  SUPPLIER_SETUP_COSTS:2180.506054588287
  SUPPLIER_PRODUCTION_TIMES:100.0
  SUPPLIER_HOLDING_COSTS:0.009081963773234616
    SUPPLIER_PRODUCTION_HOLDING_COSTS:0.09081963773234616;2180.551464407153;2180.6876938637515;2180.9147429580826;2181.232611690146;2181.6413000599414;2182.140808067469;2182.7311357127296;2183.4122829957223;2184.1842499164472;2185.0470364749044;2186.000642671094;2187.045068505016;2188.1803139766703;2189.406379086057;2190.723263833176;2192.130968218027;2193.629492240611;2195.218835900927;2196.8989991989756;2198.669982134756;2200.5317847082692;2202.4844069195146;2204.5278487684927;2206.6621102552026;2208.887191379645;2211.20309214182;2213.609812541727;2216.1073525793668;2218.6957122547387;2221.374891567843;2224.1448905186794;2227.005709107248;2229.9573473335495;2232.999805197583;2236.133082699349;2239.3571798388475;2242.672096616078;2246.077833031041;2249.574389083736;2253.161764774164;2256.839960102324;2260.6089750682163;2264.468809671841;2268.4194639131983;2272.4609377922875;2276.5932313091093;2280.8163444636634;2285.1302772559497;2289.5350296859688;2294.0306017537196;2298.616993459203;2303.2942048024192;2308.062235783367;2312.921086402048;2317.870756658461;2322.911246552606;2328.0425560844833;2333.2646852540934;2338.5776340614357;2343.98140250651;2349.475990589317;2355.0613983098565;2360.737625668128;2366.504672664132;2372.3625392978684;2378.311225569337;2384.350731478538;2390.4810570254713;2396.702202210137;2403.014167032535;2409.4169514926657;2415.9105555905285;2422.4949793261235;2429.1702226994507;2435.9362857105107;2442.793168359303;2449.7408706458273;2456.779392570084;2463.9087341320733;2471.128895331795;2478.4398761692487;2485.8416766444348;2493.3342967573535;2500.9177365080045;2508.5919958963877;2516.357074922503;2524.212973586351;2532.1596918879313;2540.197229827244;2548.325587404289;2556.5447646190664;2564.8547614715762;2573.255577961818;2581.7472140897926;2590.329669855499;2599.0029452589383;2607.7670403001093;2616.6219549790135;2625.5676892956494;2634.604243250018;2643.7316168421185;2652.949810071952;2662.2588229395174;2671.658655444815;2681.149307587845;2690.7307793686077;2700.4030707871025;2710.16618184333;2720.0201125372896;2729.964862868981;2740.0004328384057;2750.126822445562;2760.344031690451;2770.6520605730725;2781.050909093426;2791.540577251512;2802.1210650473304;2812.792372480881;2823.554499552164;2834.4074462611793;2845.351212607927;2856.3857985924074;2867.5112042146197;2878.7274294745644;2890.0344743722417;2901.432338907651;2912.9210230807926;2924.5005268916666;2936.1708503402733;2947.9319934266123;2959.7839561506835;2971.726738512487;2983.7603405120226;2995.884762149291;3008.1000034242916;3020.4060643370244;3032.8029448874895;3045.2906450756873;3057.8691649016173;3070.5385043652796;3083.298663466674;3096.1496422058012;3109.0914405826607;3122.124058597252;3135.247496249576;3148.4617535396324;3161.766830467421;3175.1627270329423;3188.6494432361956;3202.2269790771816;
    DUE_DATES:10000.0;10138.983053382151;10361.609805594213;10466.26999814605;10603.03326136814;10637.130278622044;10782.149833491036;10920.531579978067;11149.815879271191;11281.231509689294;11342.451939328994;11535.977883971342;14017.509220324724;14203.920858844489;14355.511354495657;14474.664512700923;18562.558747448747;18596.46245885881;18747.549628878238;18782.908383258025;18852.02853997353;18988.202277094526;19218.749108855445;19407.916178179923;19446.396472825378;19482.802574597485;19491.321467975835;22692.60443372403;22750.643917007248;22902.542067920163;26565.422912614515;26621.865221444295;26720.631781252996;26932.872806386753;27064.34439872175;29556.182599352956;29637.876130904937;29773.296262239015;29843.624110147633;34163.154076692306;34257.14488943847;34369.679333700085;34529.342926781006;34610.36866074796;38271.52214514618;38349.10602527013;38418.08205903696;38595.90995663714;38691.95340124519;38924.47729005236;39100.694027990256;39302.00167579764;39304.35160431318;42249.7177555663;42272.03178689423;42349.5619456647;42513.207380886444;42724.425083513364;42736.76565313517;42919.33453106714;42976.96801986604;43107.09607997681;43149.058960768176;43351.57654264459;43476.37567584155;43574.28545952474;46169.880257711775;46274.077704680036;46452.56846641881;46476.48388737627;46628.628288487045;46705.51161740192;46786.418622642;46811.46844807097;46901.45123987236;47090.57475741266;47128.82495872145;47262.09879442667;47465.63407568101;47552.111188540526;47631.169541437375;50820.859051985746;50950.976937694155;51022.7202638279;51035.197435495036;51205.30970728272;51325.723854634576;51514.7307012887;51542.71467130185;51559.675556135546;51790.40176413988;51996.9753224867;52003.80045333216;55330.74974532559;55453.35133146645;55560.97210156241;55777.15092616858;55901.369492355436;56040.59179815102;56080.728015318;59888.77573604161;59994.84380194745;63241.77542301106;67346.4758088384;67508.16846892383;67527.29469142153;67614.4105008538;67849.98444061003;67917.95552950852;67987.5478622601;68058.6332389342;68113.3850215611;68328.47359614739;68360.88053065327;72920.84439610333;73147.3401962428;73285.36869035609;73424.44924589641;73657.74385630965;73732.47650691151;73792.54610847647;73835.17175468011;73998.73342397736;74061.28699150147;74075.64082547389;74174.68180578893;74398.75083801127;74548.00362109145;74754.27682905406;78969.75343095335;79072.9415840261;79286.19002742622;79375.6274230996;79530.15344233115;79654.94691961027;79773.15721494393;83570.49540055;83761.34799588348;83806.89302508683;83973.361279358;84076.10317497289;84264.1895989904;84422.87688384122;84537.40308951183;84725.91633317123;88692.95456088113;88808.70561767906;88812.96074796819;88905.44018038157;89136.77114040694;
