# AG41 CHALLENGE 2012 INSTANCE FILE
NBR_PRODUCT:150
  CUSTOMER_HOLDING_COSTS:0.01200723229772506;
    TRANSPORTER_CAPACITY:75
    TRANSPORTER_DELIVERY_TIMES:130.98963015404465
    TRANSPORTER_DELIVERY_COSTS:703.0138726161321
  SUPPLIER_SETUP_TIMES:5.0
  SUPPLIER_SETUP_COSTS:2748.4935300206917
  SUPPLIER_PRODUCTION_TIMES:1.0
  SUPPLIER_HOLDING_COSTS:0.011737486085346771
    SUPPLIER_PRODUCTION_HOLDING_COSTS:0.011737486085346771;2748.4993987637345;2748.5170049928624;2748.5463487080756;2748.5874299093744;2748.6402485967583;2748.704804770228;2748.7810984297826;2748.869129575423;2748.9688982071484;2749.080404324959;2749.203647928855;2749.3386290188364;2749.4853475949035;2749.6438036570557;2749.813997205293;2749.995928239616;2750.1895967600244;2750.395002766518;2750.612146259097;2750.841027237761;2751.0816457025107;2751.3340016533457;2751.598095090266;2751.8739260132716;2752.1614944223625;2752.460800317539;2752.7718436988007;2753.0946245661476;2753.42914291958;2753.7753987590977;2754.133392084701;2754.5031228963894;2754.884591194163;2755.2777969780223;2755.6827402479666;2756.099421003996;2756.5278392461114;2756.967994974312;2757.4198881885977;2757.883518888969;2758.3588870754256;2758.8459927479676;2759.3448359065947;2759.8554165513074;2760.3777346821053;2760.9117902989883;2761.457583401957;2762.0151139910113;2762.5843820661503;2763.165387627375;2763.758130674685;2764.3626112080806;2764.978829227561;2765.6067847331274;2766.2464777247787;2766.8979082025153;2767.5610761663374;2768.2359816162448;2768.9226245522377;2769.621004974316;2770.331122882479;2771.052978276728;2771.786571157062;2772.531901523482;2773.2889693759867;2774.057774714577;2774.8383175392523;2775.6305978500136;2776.4346156468596;2777.250370929791;2778.077863698808;2778.9170939539104;2779.768061695098;2780.630766922371;2781.5052096357294;2782.391389835173;2783.289307520702;2784.1989626923164;2785.1203553500163;2786.0534854938014;2786.9983531236717;2787.9549582396276;2788.9233008416686;2789.9033809297953;2790.8951985040067;2791.898753564304;2792.9140461106863;2793.9410761431545;2794.9798436617075;2796.030348666346;2797.09259115707;2798.166571133879;2799.2522885967737;2800.349743545754;2801.4589359808188;2802.5798659019697;2803.7125333092054;2804.8569382025266;2806.0130805819335;2807.1809604474256;2808.360577799003;2809.5519326366657;2810.7550249604137;2811.969854770247;2813.1964220661657;2814.4347268481697;2815.6847691162593;2816.946548870434;2818.220066110694;2819.5053208370396;2820.8023130494703;2822.1110427479866;2823.431509932588;2824.763714603275;2826.107656760047;2827.4633364029046;2828.8307535318477;2830.209908146876;2831.6008002479894;2833.0034298351884;2834.4177969084726;2835.8439014678424;2837.2817435132974;2838.7313230448376;2840.1926400624634;2841.6656945661744;2843.1504865559705;2844.647016031852;2846.1552829938196;2847.6752874418717;2849.20702937601;2850.7505087962327;2852.305725702541;2853.872680094935;2855.451371973414;2857.0418013379785;2858.6439681886286;2860.2578725253634;2861.8835143481842;2863.52089365709;2865.1700104520814;2866.830864733158;2868.5034565003198;2870.187785753567;2871.8838524928997;2873.5916567183176;2875.3111984298207;2877.0424776274094;2878.7854943110833;2880.540248480843;
    DUE_DATES:10000.0;10113.854176784209;10332.728508214548;10533.85744925184;10649.297516848397;10860.093156306382;10880.739584818004;10931.821216019029;11069.599839699755;14682.106177975664;18006.004788414273;18180.14467548805;18240.00674961637;18404.39061230389;18575.536742228975;18628.91774759859;18761.8632324668;22938.565715465647;23134.299002419022;23345.574723200833;23529.474687130893;23612.225524977723;23744.242533256907;23928.349669182022;23979.0219458165;23989.570491625305;24098.153613303562;24107.101945421226;24251.827904566235;24271.131810520143;24396.166030115535;28726.00341579736;28895.814988793103;28917.255899723685;29093.63890413547;29182.848457501717;29220.512286872436;29371.935482624333;29551.200516340414;29627.99870610453;29836.4718209516;33836.578372021104;33884.52190623333;37241.142846628725;37356.372067372584;37444.948707258336;37541.277596173786;37741.279513132795;37770.56432262758;37863.960307568035;38031.445836966326;38032.32018967967;38135.05654332531;38159.12043565568;41162.60869360286;41349.67336019016;41577.14352468769;41598.599438230354;41674.2240984876;41890.02325718159;44749.73491524379;48848.62667599568;48871.72102252432;49080.80371163724;49278.04582138643;52091.99582759615;52148.79334579059;52333.48975006349;52467.92058091789;52508.18360274106;52545.999286848615;56847.40771495161;57050.420955172514;61033.09175496432;61097.72082339701;61101.7804097338;61172.41011835066;61387.6430177609;61596.91246009377;61621.84103372422;61634.7634909064;61851.62133737427;65759.03659240925;69489.49925105665;69577.47093215646;69791.41372016864;70009.84942057465;70024.95924461873;70188.13724740084;70363.58359926495;70433.08822179023;70659.00063809694;70799.68955490473;71021.71116667784;71163.13761741253;71355.08447291845;73782.25381349771;77671.70823447638;79993.98113071648;80180.93182397772;83774.40192905584;83923.00256716377;87023.85788760417;87110.53583631454;87148.21680955669;87178.13785154169;87337.42860839378;87391.8612048408;87453.27776640847;87625.73747712362;87736.51734211728;87946.66636641049;88161.87513660837;88260.865541802;88374.58856710327;88420.6431132521;88443.05424781656;88597.85670672961;88784.73890347865;88796.93809598884;88938.9826883271;89020.08193075554;89098.79671735592;89294.18459319991;89401.2762346052;89495.43658994084;89639.88176529873;89643.1819272377;89694.64530613866;89746.82303567766;92132.59014174859;92207.42284692817;92368.65996629592;92503.58568894916;92623.15255719493;92761.10216165181;92877.11440824516;92983.7898908129;93095.42807229736;93200.0038184891;93356.4857457294;93371.49936509332;93510.44704044504;93580.7654162748;93785.33379634186;93982.80919882658;94096.39658032398;94307.44856678763;94468.16789734503;94596.32054465583;
