# AG41 CHALLENGE 2012 INSTANCE FILE
NBR_PRODUCT:150
  CUSTOMER_HOLDING_COSTS:0.027317194228030243;
    TRANSPORTER_CAPACITY:30
    TRANSPORTER_DELIVERY_TIMES:140.00284770639792
    TRANSPORTER_DELIVERY_COSTS:624.5756243906189
  SUPPLIER_SETUP_TIMES:5.0
  SUPPLIER_SETUP_COSTS:17759.139601226954
  SUPPLIER_PRODUCTION_TIMES:1.0
  SUPPLIER_HOLDING_COSTS:0.026686313828737308
    SUPPLIER_PRODUCTION_HOLDING_COSTS:0.026686313828737308;17759.15294438387;17759.192973854613;17759.259689639184;17759.353091737583;17759.473180149813;17759.61995487587;17759.79341591576;17759.993563269472;17760.220396937017;17760.473916918392;17760.75412321359;17761.061015822623;17761.39459474548;17761.75485998217;17762.14181153269;17762.555449397034;17762.995773575207;17763.46278406721;17763.956480873043;17764.476863992702;17765.02393342619;17765.597689173508;17766.198131234654;17766.82525960963;17767.479074298433;17768.159575301066;17768.86676261753;17769.60063624782;17770.361196191938;17771.148442449885;17771.962375021663;17772.80299390727;17773.670299106703;17774.564290619965;17775.484968447057;17776.432332587978;17777.406383042726;17778.4071198113;17779.43454289371;17780.488652289943;17781.56944800001;17782.6769300239;17783.81109836162;17784.971953013173;17786.15949397855;17787.373721257758;17788.614634850794;17789.88223475766;17791.17652097835;17792.497493512878;17793.845152361228;17795.21949752341;17796.620528999414;17798.048246789254;17799.50265089292;17800.983741310414;17802.491518041737;17804.025981086892;17805.58713044587;17807.17496611868;17808.78948810532;17810.430696405787;17812.098591020083;17813.793171948208;17815.514439190163;17817.262392745943;17819.037032615553;17820.838358798996;17822.66637129626;17824.52107010736;17826.402455232288;17828.31052667104;17830.245284423625;17832.206728490037;17834.194858870276;17836.209675564347;17838.251178572245;17840.31936789397;17842.41424352953;17844.535805478914;17846.684053742127;17848.85898831917;17851.06060921004;17853.28891641474;17855.54390993327;17857.825589765624;17860.13395591181;17862.469008371823;17864.83074714567;17867.21917223334;17869.63428363484;17872.07608135017;17874.54456537933;17877.039735722316;17879.56159237913;17882.110135349776;17884.68536463425;17887.28728023255;17889.91588214468;17892.57117037064;17895.253144910428;17897.961805764047;17900.69715293149;17903.459186412765;17906.247906207867;17909.0633123168;17911.905404739562;17914.77418347615;17917.669648526567;17920.591799890815;17923.54063756889;17926.516161560794;17929.51837186653;17932.54726848609;17935.60285141948;17938.685120666698;17941.794076227747;17944.929718102623;17948.092046291327;17951.281060793863;17954.496761610226;17957.739148740417;17961.00822218444;17964.30398194229;17967.626428013966;17970.97556039947;17974.351379098807;17977.75388411197;17981.183075438963;17984.638953079786;17988.121517034433;17991.630767302915;17995.16670388522;17998.72932678136;18002.318635991323;18005.934631515116;18009.57731335274;18013.24668150419;18016.94273596947;18020.66547674858;18024.414903841516;18028.191017248282;18031.99381696888;18035.823303003304;18039.679475351557;18043.562334013637;18047.471878989545;18051.408110279284;18055.37102788285;18059.36063180025;
    DUE_DATES:10000.0;10075.893731995986;10176.497286833492;10415.07126832959;10544.614825900058;10706.997870892199;10935.695026850564;11147.037442680838;11148.185964469014;11189.896332692566;11286.107204059324;11463.580637911642;11544.631006307345;11728.080552298838;11907.57753306921;15160.924372559157;19743.52371585071;19764.741760468223;19986.293854552376;23336.010893642328;23587.613599721197;23612.102643936843;23882.802284396348;23901.80447676813;23920.056552548092;24055.70842860594;24201.61011822571;24205.724300072976;28555.073178563987;28688.480064206182;28815.640988062114;29080.644997653522;29165.665127904278;29212.745652964357;29391.71945259013;29621.809502529082;29880.011256458933;30085.95795116432;30174.25371591375;33732.63519466208;34007.62177064798;36999.024537611476;37187.00406840217;37319.038758921204;37596.736874414826;37823.98556598311;38006.13282638625;38065.976043338786;42278.0499851551;42314.21755282261;42367.67526140697;42569.655845245295;42769.7574396162;42955.06381306219;43106.79295961077;43312.64147438167;43363.14303312713;47500.442127723334;47635.32121210034;47845.27779397747;48051.51674169768;48314.838469449925;48431.48017138525;48598.95268733899;48797.55682780949;49015.11210174599;53965.351336131884;54159.58701231345;59283.34460828447;59543.30340515404;62952.91420879692;63122.984080689275;63319.32677698327;63551.18668314014;63685.31977916277;63913.05093325118;68113.34760519736;68157.84333851477;68404.24545635823;68623.57225247532;68753.40943431061;68847.48405050828;69112.31661640854;69323.85784052614;69375.16474894114;69449.040025908;69594.79454342493;74759.84349359572;74977.56677931697;74984.53619881095;75075.36753107951;75188.00961054287;79795.6339002215;79960.28755659447;80235.88009116595;80399.21352886029;80423.61271248834;80642.78943909633;85826.71742016428;90894.01114674269;90932.79446582745;91205.64241526375;91252.9004624654;91386.4505377739;91536.74628502445;91617.85914168404;91711.4387170208;91940.64688677929;92074.1426426867;95700.96140735812;95858.07851834025;95944.16850546855;96088.3386784567;96239.63677864248;96501.90854892643;96671.23983977914;96685.43520640692;96744.66521341816;96933.75510857422;96934.67856807803;96939.1016502063;97203.17676829573;97279.1353831029;97281.62149661942;97500.92250278576;97670.88295985926;97859.33708290271;97963.87900758808;98090.3180151941;101787.57658396076;102007.88021968523;102239.51006926832;102489.34207458077;102587.51801668861;102817.43990691156;102875.53230219214;102988.48267516645;103104.46950829016;103207.95271133777;103432.82588849757;103632.23473432811;103815.58810030099;103880.57805813692;103929.73844983529;104130.16331607033;104220.12625030272;107973.11150407541;112475.23554358156;112541.01279989966;112752.39456141069;
