# AG41 CHALLENGE 2012 INSTANCE FILE
NBR_PRODUCT:200
  CUSTOMER_HOLDING_COSTS:0.026638506314159927;
    TRANSPORTER_CAPACITY:32
    TRANSPORTER_DELIVERY_TIMES:153.30650006398776
    TRANSPORTER_DELIVERY_COSTS:581.5802020051666
  SUPPLIER_SETUP_TIMES:5.0
  SUPPLIER_SETUP_COSTS:12875.624690337649
  SUPPLIER_PRODUCTION_TIMES:1.0
  SUPPLIER_HOLDING_COSTS:0.02656418863150365
    SUPPLIER_PRODUCTION_HOLDING_COSTS:0.02656418863150365;12875.637972431965;12875.677818714912;12875.74422918649;12875.8372038467;12875.956742695542;12876.102845733016;12876.27551295912;12876.474744373856;12876.700539977224;12876.952899769223;12877.231823749855;12877.537311919117;12877.86936427701;12878.227980823536;12878.613161558693;12879.02490648248;12879.4632155949;12879.928088895953;12880.419526385635;12880.937528063949;12881.482093930896;12882.053223986473;12882.650918230682;12883.275176663521;12883.925999284993;12884.603386095097;12885.307337093831;12886.037852281199;12886.794931657196;12887.578575221825;12888.388782975086;12889.225554916979;12890.088891047502;12890.978791366657;12891.895255874444;12892.838284570864;12893.807877455913;12894.804034529594;12895.826755791908;12896.876041242851;12897.951890882427;12899.054304710635;12900.183282727474;12901.338824932944;12902.520931327046;12903.72960190978;12904.964836681145;12906.22663564114;12907.51499878977;12908.829926127028;12910.171417652919;12911.539473367442;12912.934093270596;12914.355277362381;12915.803025642797;12917.277338111846;12918.778214769527;12920.305655615837;12921.85966065078;12923.440229874355;12925.047363286561;12926.681060887398;12928.341322676868;12930.028148654968;12931.7415388217;12933.481493177063;12935.248011721058;12937.041094453685;12938.860741374943;12940.706952484832;12942.579727783354;12944.479067270506;12946.40497094629;12948.357438810706;12950.336470863753;12952.342067105432;12954.374227535742;12956.432952154682;12958.518240962256;12960.63009395846;12962.768511143297;12964.933492516764;12967.125038078862;12969.343147829593;12971.587821768955;12973.85905989695;12976.156862213575;12978.48122871883;12980.83215941272;12983.209654295239;12985.613713366389;12988.044336626172;12990.501524074587;12992.985275711631;12995.495591537308;12998.032471551618;13000.595915754557;13003.18592414613;13005.802496726332;13008.445633495166;13011.115334452634;13013.81159959873;13016.534428933459;13019.28382245682;13022.059780168813;13024.862302069436;13027.691388158692;13030.547038436578;13033.429252903095;13036.338031558245;13039.273374402026;13042.23528143444;13045.223752655484;13048.238788065159;13051.280387663466;13054.348551450405;13057.443279425976;13060.564571590177;13063.71242794301;13066.886848484475;13070.087833214571;13073.315382133298;13076.569495240657;13079.85017253665;13083.15741402127;13086.491219694524;13089.85158955641;13093.238523606926;13096.652021846076;13100.092084273854;13103.558710890266;13107.051901695308;13110.571656688982;13114.117975871288;13117.690859242226;13121.290306801795;13124.916318549995;13128.568894486827;13132.24803461229;13135.953738926384;13139.68600742911;13143.444840120468;13147.230237000458;13151.042198069079;13154.88072332633;13158.745812772215;13162.63746640673;13166.555684229877;13170.500466241654;13174.471812442065;13178.469722831105;13182.49419740878;13186.545236175083;13190.62283913002;13194.727006273586;13198.857737605786;13203.015033126616;13207.198892836077;13211.40931673417;13215.646304820895;13219.909857096252;13224.19997356024;13228.516654212859;13232.85989905411;13237.229708083993;13241.626081302506;13246.049018709651;13250.498520305428;13254.974586089837;13259.477216062876;13264.006410224547;13268.56216857485;13273.144491113784;13277.75337784135;13282.388828757548;13287.050843862376;13291.739423155837;13296.454566637929;13301.196274308653;13305.964546168008;13310.759382215994;13315.580782452613;13320.428746877862;13325.303275491742;13330.204368294255;13335.132025285398;13340.086246465175;13345.067031833581;13350.07438139062;13355.10829513629;13360.16877307059;13365.255815193525;13370.36942150509;13375.509592005285;13380.676326694113;13385.869625571571;13391.08948863766;13396.335915892383;13401.608907335736;13406.908462967722;
    DUE_DATES:10000.0;10103.626302972449;10326.9638929869;10495.309002610244;10716.84503972584;14671.750947854876;14737.458166061806;14749.923336007254;14988.780196772543;15070.799859146684;15209.403104991701;15379.68654004492;15579.51214324745;15635.612752114468;15794.856956208028;16003.00545577442;18611.93692615335;18728.853771735136;18852.293731132486;18873.55406323467;18965.384576266235;19040.286434929134;19042.080000844213;19159.04025407862;19320.366198046704;19486.670072690777;19684.0678096748;19732.357808254106;19834.12397149297;19874.36428241244;19989.331744315885;20064.155525612132;20273.423697082795;20493.794638722276;20698.394740021045;24128.667826942037;24273.94583701931;24396.5145406631;24527.118936442625;24659.766522858376;24712.069404864826;24737.286400983525;24973.376206529218;27552.25098153793;27750.843998798737;32460.968649080096;32499.22619111648;32703.59505342891;32850.43480410394;32960.83684571661;33042.42159269943;33242.559968332454;33431.76613015319;36302.099413698896;39115.53141080938;39278.750997505405;39418.00768636355;39561.85473958583;39561.99872429951;39622.464223943694;39653.06639249802;42759.97247631804;42859.421917399646;42866.13728510716;42968.46392577535;45744.27964530639;45782.52361297306;45963.03322356832;46125.545605059386;46289.545688611775;46310.85055950864;46521.71742920297;50616.01278188223;50677.85175229047;50862.61663347773;51022.49363302458;51088.70041078787;51159.591015108526;51353.49858127523;51578.61252349073;51704.66190239186;51813.66121502096;51851.04837933594;52053.17081856138;56236.38221897534;56321.64051909676;56532.95469944934;56581.43707810693;56645.49358808381;56766.373545201735;56795.27172678672;59797.31956832805;63074.51353344405;63155.13201358284;63236.72119860749;63424.18453000259;63439.45953823201;63587.33327069309;63824.242314660536;63857.15753570377;63996.04866230453;64135.90383092933;64178.31809607482;67749.47237992834;67915.30766840717;68054.74250658545;68085.22410887273;68142.00228010937;68183.3864712589;68202.95476936799;68271.81267505606;68450.70215313151;68514.51395132218;68589.92630540652;72201.58209548898;72313.50696045416;72462.27949596912;72681.79806903817;72839.60315423326;72907.27903356806;72987.92495475156;73063.65637576074;73206.60224825813;73376.04181232266;73615.70097253821;73814.37094966463;73877.91811751948;73896.49276953987;74081.34675826663;74208.26885652928;74304.8688597743;74325.5472875449;74329.76152332127;74454.09147043459;74505.12339090896;74534.01155988536;74538.5320710363;74566.52790244407;78986.18512035834;79066.2461904321;79223.99457195748;79232.88175184853;79369.15545827057;79475.99197411965;79534.06847301195;79692.2381057025;79721.8568822676;83610.20405283073;88058.4146514351;88269.06178261171;88372.48561221751;88600.98108554729;88777.84405727683;88831.78192905479;88997.2427653002;89106.55385340961;89303.93806329189;89349.20319604917;89527.20422992275;89649.66147923627;89709.64113365274;89927.6328733025;94684.80855775626;94724.88443848076;94846.34539906708;95017.62260796246;95084.40474963839;95292.11851130046;95446.03725688957;95496.52363355579;95684.37049570138;95763.0414209977;95893.90096132409;100246.18592888665;100346.0388309052;100536.30148383185;100621.78542154183;100838.94106660185;100966.7982981883;101154.0473242861;104528.27041359934;104573.16979039926;104589.48871061741;104607.42463811616;104677.91915558532;104853.69371041597;104865.23005996255;105026.93145322296;105043.24145368127;105234.3706644686;105327.54747219023;105508.49871031372;105625.27339162453;105764.74276878183;105831.83254163522;105843.59035283806;106053.41141629878;106134.14920245766;106292.99464850698;106325.6805187628;
