# AG41 CHALLENGE 2012 INSTANCE FILE
NBR_PRODUCT:200
  CUSTOMER_HOLDING_COSTS:5.276467928363893E-5;
    TRANSPORTER_CAPACITY:100
    TRANSPORTER_DELIVERY_TIMES:116.99670101305189
    TRANSPORTER_DELIVERY_COSTS:859.5160331557663
  SUPPLIER_SETUP_TIMES:5.0
  SUPPLIER_SETUP_COSTS:2543.864475933543
  SUPPLIER_PRODUCTION_TIMES:1.0
  SUPPLIER_HOLDING_COSTS:4.966530629803012E-5
    SUPPLIER_PRODUCTION_HOLDING_COSTS:4.966530629803012E-5;2543.864500766196;2543.8645752641555;2543.8646994274213;2543.864873255993;2543.8650967498716;2543.8653699090564;2543.8656927335473;2543.8660652233443;2543.8664873784483;2543.866959198858;2543.867480684574;2543.8680518355964;2543.868672651925;2543.86934313356;2543.8700632805017;2543.8708330927493;2543.871652570303;2543.872521713163;2543.87344052133;2543.8744089948027;2543.8754271335815;2543.8764949376673;2543.8776124070587;2543.878779541757;2543.879996341761;2543.881262807072;2543.882578937689;2543.8839447336118;2543.8853601948413;2543.8868253213773;2543.8883401132193;2543.8899045703674;2543.891518692822;2543.893182480583;2543.8948959336503;2543.896659052024;2543.898471835704;2543.90033428469;2543.9022463989827;2543.9042081785815;2543.9062196234863;2543.9082807336977;2543.9103915092155;2543.9125519500394;2543.91476205617;2543.9170218276063;2543.9193312643492;2543.9216903663983;2543.9240991337538;2543.9265575664153;2543.9290656643834;2543.931623427658;2543.9342308562386;2543.9368879501253;2543.939594709319;2543.942351133818;2543.945157223624;2543.948012978736;2543.9509183991545;2543.9538734848793;2543.9568782359106;2543.959932652248;2543.9630367338914;2543.9661904808413;2543.9693938930977;2543.97264697066;2543.9759497135287;2543.979302121704;2543.9827041951853;2543.9861559339734;2543.989657338067;2543.9932084074676;2543.9968091421742;2544.000459542187;2544.004159607506;2544.007909338132;2544.0117087340636;2544.0155577953014;2544.0194565218458;2544.0234049136966;2544.0274029708535;2544.031450693317;2544.0355480810867;2544.0396951341622;2544.0438918525447;2544.048138236233;2544.0524342852277;2544.0567799995288;2544.0611753791363;2544.06562042405;2544.07011513427;2544.074659509796;2544.079253550629;2544.0838972567676;2544.088590628213;2544.093333664964;2544.098126367022;2544.102968734386;2544.1078607670565;2544.112802465033;2544.1177938283163;2544.1228348569052;2544.1279255508007;2544.1330659100026;2544.1382559345107;2544.143495624325;2544.148784979446;2544.1541239998733;2544.1595126856064;2544.164951036646;2544.170439052992;2544.1759767346443;2544.1815640816026;2544.1872010938678;2544.1928877714386;2544.1986241143163;2544.2044101224997;2544.21024579599;2544.2161311347863;2544.2220661388887;2544.2280508082977;2544.234085143013;2544.2401691430346;2544.246302808362;2544.252486138996;2544.2587191349367;2544.2650017961832;2544.2713341227363;2544.277716114596;2544.284147771761;2544.2906290942333;2544.2971600820115;2544.3037407350957;2544.3103710534865;2544.317051037184;2544.323780686187;2544.330560000497;2544.337388980113;2544.344267625035;2544.3511959352636;2544.3581739107985;2544.3652015516395;2544.372278857787;2544.379405829241;2544.386582466001;2544.393808768067;2544.4010847354402;2544.408410368119;2544.415785666104;2544.4232106293957;2544.4306852579934;2544.4382095518977;2544.4457835111084;2544.453407135625;2544.461080425448;2544.4688033805774;2544.476576001013;2544.484398286755;2544.492270237803;2544.500191854158;2544.5081631358184;2544.516184082786;2544.524254695059;2544.532374972639;2544.540544915525;2544.548764523717;2544.557033797216;2544.565352736021;2544.573721340132;2544.5821396095494;2544.590607544273;2544.5991251443033;2544.6076924096396;2544.6163093402824;2544.6249759362317;2544.6336921974867;2544.6424581240485;2544.6512737159164;2544.6601389730904;2544.669053895571;2544.678018483358;2544.687032736451;2544.6960966548504;2544.705210238556;2544.714373487568;2544.723586401886;2544.732848981511;2544.7421612264416;2544.7515231366788;2544.7609347122225;2544.7703959530722;2544.779906859228;2544.789467430691;2544.799077667459;2544.808737569534;2544.8184471369154;2544.828206369603;2544.838015267597;2544.8478738308972;2544.8577820595037;
    DUE_DATES:10000.0;10118.000475168341;10230.337875344341;10450.964104705472;10680.057144711423;14025.472865150858;14069.982409385024;14237.963554460814;14257.130561026852;14382.78586080089;14392.113976923672;14517.882412758478;14742.107440326748;14903.511900347661;14994.109591132754;18530.89130851529;18531.803615785375;18602.766225481162;18816.693908481582;19048.013534735095;19124.93654463825;19250.921280072005;19373.873352052196;19469.260396497037;19632.207562484207;19693.928920638533;19856.288914811354;22461.605869457795;22627.9034744104;27059.047504446746;27251.835426190348;27465.639026778397;27579.531662222966;27737.894770569943;27816.76909270409;27915.545282765648;27957.065589416525;28180.763806517058;28304.791251509192;28444.508387469872;28677.068382064055;28819.421191198264;32316.49266619626;32321.911365586835;32472.498455030665;32619.46641577761;32757.737835793338;32928.288676753924;35863.65473581953;35975.576341389795;36025.26484535241;36192.9151862119;36264.26665986786;36457.58545839318;36682.25075525245;36780.36005249774;36792.65131812601;36950.28303191555;37047.27590411352;37226.05210651833;37344.37931272608;37354.6069588277;37356.76682865282;37505.79976800997;37734.09892090776;37900.37219956522;42245.71802746648;42434.178927558736;42584.93935404327;42748.69289825656;42871.35933728962;43031.81895575173;47188.681187923394;47291.27448370052;47499.78225875195;47613.21334468414;47738.6847054405;47936.80481720921;48142.41135983817;48278.80448742511;48372.69770903916;48559.054256547344;48687.625128354055;48741.760167934466;48922.72573912325;52691.525669075294;52868.881847126155;57241.67010210767;57302.52925615497;57451.76784560852;57587.943445263176;57757.80273190046;57894.117447945355;58126.278789980286;58132.363394340005;58220.649644195146;58290.87398797848;58308.924745880824;58495.46525024329;58624.267467748345;58776.57431486663;58873.0706685354;58918.55829869099;58998.357044368684;59057.41002163244;59268.20721118147;59334.9762576387;59448.58102520171;59556.947278278785;59698.679102823065;59705.59456107768;59832.20476221251;59981.779972852426;60111.843883628695;60342.456089467254;60346.29420820005;60488.037013519155;60558.55873238705;64602.509273819494;64788.837996083945;64796.28678965852;64826.52670109674;64864.90229824512;64978.85073630286;65114.32159645695;65157.223385362006;65222.27043225139;65318.75783337804;65321.79806625664;65538.8683787681;65581.33953889759;65689.49815921005;65825.095833123;65983.54205737136;66056.93921467407;66066.80130352925;66165.02677694404;66191.06827088646;66238.18160038014;66408.0087166142;70569.8224951736;70578.32884065132;70631.41101309124;70744.90722315422;70815.11734893495;71006.21565140963;71054.87544507574;71169.63916472385;71313.19759948415;71359.228887881;71542.6793109363;71756.6119069701;71780.48111475678;71879.67440734085;72091.77114385254;72151.77360837233;72267.1543018707;72496.62504494847;72710.18187317636;75081.7056741734;75225.81213118989;75291.98007442437;75292.14869722628;75493.6801815982;75631.60207911769;75649.8618355105;75666.91427150085;75795.63514511388;75833.36824674565;75962.83423087066;76029.48677738936;76079.96672429799;76092.12052256415;76161.50603206371;76334.97454583803;76537.61506730202;76648.98130428097;76783.15999856663;76823.43705202652;76863.69905163959;79704.6165196197;79864.15267148898;79993.54785842601;80184.95871745057;80393.80543344174;80457.7276984706;80462.51325292769;80491.69100875908;80571.60086438929;80777.93254409678;80891.987105234;81034.78262609638;83881.54762179694;83915.59477093432;84115.23899077342;84289.21029996402;84353.53594915946;84431.67277841417;84600.44119550993;84618.23744639069;
