# AG41 CHALLENGE 2012 INSTANCE FILE
NBR_PRODUCT:100
  CUSTOMER_HOLDING_COSTS:0.055286797135136546;
    TRANSPORTER_CAPACITY:18
    TRANSPORTER_DELIVERY_TIMES:119.15084030767451
    TRANSPORTER_DELIVERY_COSTS:803.3843948594277
  SUPPLIER_SETUP_TIMES:5.0
  SUPPLIER_SETUP_COSTS:28893.88850335809
  SUPPLIER_PRODUCTION_TIMES:1.0
  SUPPLIER_HOLDING_COSTS:0.054613282857190124
    SUPPLIER_PRODUCTION_HOLDING_COSTS:0.054613282857190124;28893.91580999952;28893.9977299238;28894.134263130945;28894.325409620946;28894.571169393803;28894.871542449517;28895.22652878809;28895.63612840952;28896.100341313806;28896.619167500947;28897.192606970948;28897.820659723806;28898.50332575952;28899.240605078092;28900.032497679524;28900.87900356381;28901.780122730954;28902.735855180952;28903.74620091381;28904.811159929526;28905.9307322281;28907.104917809527;28908.333716673817;28909.61712882096;28910.95515425096;28912.347792963817;28913.795044959534;28915.296910238107;28916.853388799536;28918.464480643823;28920.13018577097;28921.85050418097;28923.62543587383;28925.454980849543;28927.339139108117;28929.277910649547;28931.271295473834;28933.31929358098;28935.421904970983;28937.57912964384;28939.790967599558;28942.05741883813;28944.37848335956;28946.754161163848;28949.184452250993;28951.669356620994;28954.208874273856;28956.80300520957;28959.451749428146;28962.155106929575;28964.913077713863;28967.72566178101;28970.59285913101;28973.51466976387;28976.49109367959;28979.522130878162;28982.607781359595;28985.74804512388;28988.942922171027;28992.19241250103;28995.49651611389;28998.855233009606;29002.268563188183;29005.736506649613;29009.259063393903;29012.836233421047;29016.46801673105;29020.15441332391;29023.89542319963;29027.691046358203;29031.541282799637;29035.446132523924;29039.405595531072;29043.419671821073;29047.488361393935;29051.611664249653;29055.789580388227;29060.02210980966;29064.30925251395;29068.651008501096;29073.0473777711;29077.49836032396;29082.00395615968;29086.564165278254;29091.178987679687;29095.848423363976;29100.572472331125;29105.351134581128;29110.18441011399;29115.072298929706;29120.014801028283;29125.011916409716;29130.063645074006;29135.169987021152;29140.33094225116;29145.54651076402;29150.81669255974;29156.141487638317;29161.520895999747;29166.954917644038;
    DUE_DATES:10000.0;10093.580188400929;10170.81086507506;10389.275120874245;14124.255488993129;14279.432717680247;14340.161628600903;14517.408551691382;14592.854786618873;14767.340235722098;14918.352708203947;15098.336823672495;15157.11955652668;15275.452249083075;15367.983451571738;15527.653574101661;15683.203467191928;15898.883138091995;15954.801666012563;16026.636492564468;16151.867780968563;16354.950986913358;16506.491962293494;16638.215893331228;16714.65889360394;16735.148842541275;20845.863844579093;20928.653935683153;23971.82105939353;28048.785231320187;28249.58280036211;28331.163717493342;28421.19919560664;28552.510598021094;28634.385460112473;28701.995207951048;28872.478375732608;29042.035013088032;29128.272690101832;32271.224282533203;32370.692778278593;32522.43438657487;32720.811202942383;32861.36631687658;33064.85085921247;33219.599419647864;33228.29542880784;33260.43718728053;33390.90195243835;33537.265471599174;33646.92320099485;33692.22591645181;33723.72233581696;33800.511691919506;33891.941099563184;36860.4896982587;36897.44195919823;37020.618743333696;37057.85967325999;37134.11618716994;37316.11775048711;37519.62697967092;40161.27083185397;40324.03483712338;40429.99618664534;40581.67372076595;43846.94356053453;43957.20206208475;44082.65080818278;46333.45492004609;46464.12302738351;46541.952074974775;46550.74749717378;46668.334087124014;46739.5854849416;46929.28329431541;46977.96837894942;49539.914300197575;49580.7571364756;49590.330526545986;49795.80541787788;49909.03151302102;50014.99727697009;50119.01546414608;50150.17724959654;50237.56603067132;53941.003592967645;54117.91933360768;54259.37401070691;54279.918645151134;56935.341831603095;57013.96579149387;57078.87913241998;57205.39875599016;57212.119052775335;57271.01931018537;57278.634413930406;57452.42512803375;57577.12711021848;57595.31151915329;
