# AG41 CHALLENGE 2012 INSTANCE FILE
NBR_PRODUCT:150
  CUSTOMER_HOLDING_COSTS:0.09121689163290032;
    TRANSPORTER_CAPACITY:75
    TRANSPORTER_DELIVERY_TIMES:171.33488502016868
    TRANSPORTER_DELIVERY_COSTS:906.8561968907459
  SUPPLIER_SETUP_TIMES:5.0
  SUPPLIER_SETUP_COSTS:2435.58288359005
  SUPPLIER_PRODUCTION_TIMES:1.0
  SUPPLIER_HOLDING_COSTS:0.0867180414622736
    SUPPLIER_PRODUCTION_HOLDING_COSTS:0.0867180414622736;2435.6262426107814;2435.7563196729748;2435.9731147766306;2436.2766279217485;2436.6668591083285;2437.143808336371;2437.707475605876;2438.357860916843;2439.094964269272;2439.918785663164;2440.8293250985175;2441.8265825753338;2442.9105580936125;2444.081251653353;2445.338663254556;2446.682792897221;2448.1136405813486;2449.6312063069386;2451.2354900739906;2452.9264918825047;2454.7042117324813;2456.5686496239205;2458.5198055568217;2460.557679531185;2462.6822715470107;2464.8935816042986;2467.191609703049;2469.5763558432614;2472.0478200249363;2474.6060022480733;2477.250902512673;2479.9825208187344;2482.800857166258;2485.7059115552443;2488.697683985693;2491.7761744576037;2494.9413829709765;2498.193309525812;2501.5319541221093;2504.957316759869;2508.469397439091;2512.0681961597757;2515.753712921922;2519.525947725531;2523.3849005706024;2527.3305714571356;2531.3629603851314;2535.482067354589;2539.6878923655095;2543.9804354178923;2548.359696511737;2552.825675647044;2557.3783728238136;2562.017788042045;2566.743921301739;2571.5567726028953;2576.4563419455135;2581.442629329594;2586.5156347551374;2591.6753582221427;2596.92179973061;2602.25495928054;2607.6748368719323;2613.1814325047867;2618.774746179103;2624.454777894882;2630.2215276521233;2636.074995450827;2642.0151812909926;2648.0420851726203;2654.1557070957106;2660.3560470602633;2666.643105066278;2673.0168811137555;2679.477375202695;2686.0245873330964;2692.6585175049604;2699.3791657182865;2706.186531973075;2713.0806162693257;2720.061418607039;2727.128938986214;2734.283177406852;2741.5241338689516;2748.8518083725135;2756.266200917538;2763.7673115040247;2771.3551401319737;2779.0296868013847;2786.7909515122583;2794.638934264594;2802.573635058392;2810.595053893652;2818.703190770375;2826.8980456885597;2835.179618648207;2843.5479096493164;2852.002918691888;2860.544645775922;2869.173090901418;2877.8882540683767;2886.6901352767973;2895.5787345266804;2904.554051818026;2913.6160871508337;2922.7648405251034;2932.0003119408357;2941.32250139803;2950.7314088966864;2960.2270344368053;2969.8093780183867;2979.47843964143;2989.2342193059358;2999.0767170119043;3009.0059327593344;3019.021866548227;3029.124518378582;3039.313888250399;3049.5899761636783;3059.95278211842;3070.402306114624;3080.9385481522904;3091.561508231419;3102.27118635201;3113.0675825140625;3123.950696717578;3134.9205289625556;3145.9770792489953;3157.120347576898;3168.3503339462623;3179.667038357089;3191.070460809378;3202.5606013031293;3214.1374598383427;3225.8010364150186;3237.551331033156;3249.3883436927567;3261.3120743938193;3273.3225231363444;3285.4196899203316;3297.603574745781;3309.8741776126926;3322.231498521067;3334.675537470903;3347.206294462201;3359.823769494962;3372.5279625691855;3385.3188736848706;3398.196502842018;3411.1608500406282;
    DUE_DATES:10000.0;10031.948181610689;10192.02301616731;13558.264793111317;13602.437445427671;13705.337294170147;16795.96436084027;16823.857429166634;16894.62427014302;16958.032628736015;17113.95863874992;19489.24956796015;19613.973539269184;22333.695303372897;22444.21947063627;22496.41929877908;22549.437315011004;22627.437098593644;22761.80560088697;22774.205223725796;22927.16110987796;23025.533770632283;23052.426749410657;23218.24887253868;23383.724327876873;23433.52157509883;23476.689748512843;25984.68023322118;26118.28188117002;26281.657380590343;26418.02055151589;26558.005532085783;26607.1208616131;26764.44465024821;26928.204724089293;27038.172485750616;27164.16208578416;27217.431858205568;27350.057671083316;27374.04197272619;27476.69024713692;27507.747233482733;27635.49317273551;27673.91452833104;27694.515720464842;27735.002517478293;27862.927621692972;27956.20868376306;28054.71969196937;28160.647114778738;31263.23593952385;33146.14484506578;33294.39108564832;33335.61079952348;33384.0924586163;35222.46903416451;35289.44419712255;38227.53779866936;38346.73305202494;38518.13841415231;38542.993741132224;38655.528977015194;38800.811933428566;38866.50839352648;38921.88169505022;38986.8852664412;39040.19897062521;39112.31530491705;39129.20471930207;39269.18231119301;39366.42332811194;39439.223896459676;39506.666007715765;39532.378400911446;39666.57984988349;41605.22772900149;41703.594372443426;41724.25902888414;41823.97624924436;41986.03296363162;42081.81576264012;42114.32270977118;42133.430393973336;42281.92051511251;45386.9835865489;45467.859853246955;47442.0034528751;50168.40743547613;50328.846098310554;50349.63263926768;50361.276853082585;50520.55823906216;50573.54826014914;50648.68299324708;50685.318825025235;54010.75069214644;56676.64929040366;56830.87956766905;56930.23282406882;57071.00347230587;57192.84356282107;57352.62108188765;57520.53314322233;57693.89532585262;57714.26067131157;57748.50150833484;57811.64396755543;57933.91257710803;58032.82762403152;58132.84976959709;58246.843847734366;58383.175584215554;58460.947616631536;58475.328076699625;58524.91514521556;58539.05749544416;58593.07986911783;58696.60309753161;58772.81740166314;58793.41468343953;58913.15577323833;58921.95486337889;59049.05415964181;61007.4071381191;61042.05557559027;61103.47733676409;61205.69185530127;61320.423260060255;61372.71473484301;63689.26216280164;63820.2270552809;63874.85643159322;63915.16201970188;63983.04855570367;64091.089569014846;64139.58164083832;67567.68802454129;70572.94835122817;70631.19525484552;73672.68856899535;73719.18503047455;73762.33282238658;73907.93974477364;73983.76281259523;73997.21519839446;74094.03209348937;76389.59778432836;76511.20704967878;76676.50249534925;79546.73271282493;
