# AG41 CHALLENGE 2012 INSTANCE FILE
NBR_PRODUCT:200
  CUSTOMER_HOLDING_COSTS:0.09070351825012478;
    TRANSPORTER_CAPACITY:28
    TRANSPORTER_DELIVERY_TIMES:173.25123869626572
    TRANSPORTER_DELIVERY_COSTS:860.29407124708
  SUPPLIER_SETUP_TIMES:5.0
  SUPPLIER_SETUP_COSTS:17659.100134335436
  SUPPLIER_PRODUCTION_TIMES:1.0
  SUPPLIER_HOLDING_COSTS:0.08895667069185939
    SUPPLIER_PRODUCTION_HOLDING_COSTS:0.08895667069185939;17659.14461267078;17659.27804767682;17659.50043935355;17659.81178770097;17660.212092719084;17660.70135440789;17661.279572767387;17661.946747797578;17662.702879498458;17663.54796787003;17664.482012912293;17665.50501462525;17666.6169730089;17667.81788806324;17669.107759788272;17670.486588183994;17671.95437325041;17673.51111498752;17675.15681339532;17676.89146847381;17678.71508022299;17680.627648642865;17682.629173733432;17684.719655494693;17686.899093926644;17689.167489029285;17691.52484080262;17693.971149246645;17696.506414361364;17699.130636146772;17701.843814602875;17704.645949729667;17707.537041527154;17710.51708999533;17713.5860951342;17716.74405694376;17719.990975424014;17723.32685057496;17726.751682396596;17730.265470888924;17733.868216051946;17737.559917885657;17741.34057639006;17745.210191565155;17749.168763410944;17753.216291927423;17757.352777114596;17761.57821897246;17765.892617501013;17770.29597270026;17774.7882845702;17779.36955311083;17784.039778322152;17788.798960204167;17793.647098756875;17798.58419398027;17803.610245874363;17808.725254439145;17813.929219674617;17819.222141580784;17824.60402015764;17830.07485540519;17835.63464732343;17841.283395912364;17847.02110117199;17852.847763102305;17858.763381703317;17864.767956975014;17870.861488917406;17877.04397753049;17883.315422814267;17889.675824768736;17896.125183393895;17902.663498689748;17909.29077065629;17916.006999293528;17922.812184601455;17929.70632658007;17936.689425229382;17943.761480549387;17950.92249254008;17958.172461201466;17965.511386533544;17972.939268536316;17980.45610720978;17988.06190255393;17995.756654568777;18003.540363254317;18011.413028610546;18019.374650637466;18027.42522933508;18035.564764703384;18043.79325674238;18052.110705452073;18060.51711083245;18069.012472883525;18077.59679160529;18086.270066997746;18095.032299060895;18103.883487794734;18112.823633199267;18121.85273527449;18130.970794020406;18140.177809437013;18149.47378152431;18158.858710282304;18168.332595710985;18177.89543781036;18187.547236580427;18197.287992021185;18207.117704132637;18217.03637291478;18227.04399836761;18237.140580491137;18247.326119285357;18257.600614750267;18267.964066885866;18278.41647569216;18288.957841169147;18299.588163316825;18310.307442135192;18321.115677624253;18332.01286978401;18342.99901861445;18354.07412411559;18365.238186287417;18376.491205129936;18387.83318064315;18399.26411282705;18410.784001681648;18422.392847206935;18434.090649402915;18445.877408269585;18457.75312380695;18469.717796015004;18481.771424893752;18493.91401044319;18506.14555266332;18518.466051554144;18530.87550711566;18543.373919347865;18555.961288250764;18568.637613824354;18581.402896068634;18594.257134983607;18607.200330569274;18620.23248282563;18633.35359175268;18646.563657350423;18659.862679618855;18673.25065855798;18686.727594167794;18700.293486448303;18713.948335399506;18727.692141021398;18741.52490331398;18755.446622277257;18769.457297911227;18783.556930215884;18797.745519191238;18812.02306483728;18826.389567154016;18840.845026141444;18855.38944179956;18870.022814128373;18884.745143127875;18899.55642879807;18914.456671138956;18929.445870150535;18944.524025832805;18959.691138185768;18974.94720720942;18990.292232903765;19005.726215268805;19021.249154304533;19036.861050010953;19052.561902388068;19068.351711435873;19084.23047715437;19100.19819954356;19116.25487860344;19132.40051433401;19148.635106735277;19164.958655807233;19181.37116154988;19197.87262396322;19214.463043047253;19231.142418801974;19247.91075122739;19264.7680403235;19281.714286090297;19298.74948852779;19315.87364763597;19333.086763414845;19350.388835864414;19367.77986498467;19385.259850775623;19402.828793237266;19420.4866923696;19438.233548172626;
    DUE_DATES:10000.0;10059.652919624532;10095.515285317313;10245.206264096805;10278.953098664391;10394.352608255063;12375.690806078774;12404.631592064448;12549.46631016668;12620.872640909056;12777.264494075573;12808.085133912013;12897.466511775989;12957.887225672903;13034.26515527316;13192.869066826119;13349.138492706807;13470.651272249353;13594.556691311105;16671.94973402714;16765.244410196516;16859.32641669387;16863.064152380102;17028.742337158477;19042.617384388344;19129.776997124394;19157.55292948632;19209.296712311767;19325.123932725575;19389.49781559239;19536.295736847296;19549.455176666685;19661.89687221127;19776.342516356843;19837.83403618805;19850.68716505436;19874.971539350772;19905.552632884333;19989.57616286824;20091.731532702343;20117.512454111544;20135.141598403556;20274.02856042453;20285.036362655846;20397.874010551703;20469.244489093253;20612.51319297454;20732.31273130056;20861.216644349748;20959.022161917725;21027.70189564764;21036.150419084715;21106.63112912491;21166.439599454163;21185.52969288875;21301.374761997824;21416.44233576155;21560.456996575835;21598.767810410158;21731.042590329573;21753.082659268275;21905.39097500205;21970.255943489843;22043.19394972503;22131.64393076575;22151.421940249158;22313.512020454982;22375.69509009613;22448.93552725024;22531.44247634666;22562.15647032581;24677.860515201235;24692.72863286338;24784.793907963645;24791.440391857213;24815.825200954092;24918.64998310608;25083.721570073227;25227.95029132165;28095.08081864668;31005.583362393343;31097.27423022973;31099.957075727558;34306.99619471536;34357.725273221025;34466.16126444664;34601.16501607244;34718.29295380405;34747.75600347974;34887.89601138761;34899.931387776625;35039.78546900793;35161.09720973908;35196.5636239627;35300.537202449064;35402.897558102864;35516.590876582784;35558.41540609018;35671.4532776801;35721.34905798778;35875.986783608554;36019.044042951;36019.59818906182;39183.705458499826;39335.08995908594;39413.85831285733;39449.04891315121;39569.92180758411;39644.73917226295;42101.30311114678;42215.89217342273;42302.97827931173;42334.706087230494;42405.42875882686;42553.562626873005;42622.19169794159;42626.591529367186;45443.79325392798;47204.79848096889;47340.82984235464;47369.33789660949;47473.048704467794;47576.974985976165;47585.77872758611;47713.60006886292;47753.698211176066;47887.543115259905;47945.98316766417;47975.68735612555;47997.69011202939;48027.317801862955;48105.32566260506;48160.23366868552;49973.708038587596;52030.438703350774;52053.88371016034;52188.52822037838;54753.72247638952;54790.9093099607;54792.08862015405;54883.522026541454;55038.498878433726;55156.194207673485;58198.07976070847;58243.79632027597;58332.46288935923;58458.09653480609;60279.27636444493;60297.007185297785;60364.62779341329;60469.87892006982;60518.45139373988;60678.08310495312;60750.68148047997;60811.25775894109;60895.45833294365;61001.818493947416;61112.96031449512;61219.643686203985;61241.33130592328;61366.575753515375;61433.48653424226;64533.5144670749;64659.78952090761;64805.61911620137;64929.28474563955;64984.202232828495;65091.125464364675;65188.051791164675;65284.81625171296;65420.20378757351;65458.93859909558;65498.310450410114;65528.85247181995;65550.69762172492;65665.45357430971;68510.39969408353;68655.83718131203;68714.93941005357;68785.71193270643;68855.4871375275;68941.72550836079;69074.2381932672;69238.45668417518;69283.15232672109;69403.46002348722;69562.5917365244;69714.40539842453;69797.67457254746;69801.83619866596;71462.9780751338;71519.02609021043;71602.26892001141;71678.53366638158;71762.62806305694;71840.75779624625;72006.22266785252;72051.63286937935;72140.4221630714;72184.9363745155;
