# AG41 CHALLENGE 2012 INSTANCE FILE
NBR_PRODUCT:200
  CUSTOMER_HOLDING_COSTS:0.09814401387134372;
    TRANSPORTER_CAPACITY:100
    TRANSPORTER_DELIVERY_TIMES:130.14618187770697
    TRANSPORTER_DELIVERY_COSTS:922.9826236102194
  SUPPLIER_SETUP_TIMES:5.0
  SUPPLIER_SETUP_COSTS:2378.095238452735
  SUPPLIER_PRODUCTION_TIMES:1.0
  SUPPLIER_HOLDING_COSTS:0.0933926375908705
    SUPPLIER_PRODUCTION_HOLDING_COSTS:0.0933926375908705;2378.1419347715305;2378.2820237279166;2378.5155053218937;2378.842379553462;2379.262646422621;2379.7763059293707;2380.3833580737114;2381.0838028556427;2381.877640275165;2382.7648703322784;2383.745493026983;2384.8195083592777;2385.9869163291637;2387.2477169366402;2388.601910181708;2390.0494960643664;2391.5904745846155;2393.224845742456;2394.952609537887;2396.773765970909;2398.688315041522;2400.6962567497258;2402.79759109552;2404.9923180789056;2407.280437699882;2409.661949958449;2412.1368548546075;2414.705152388356;2417.366842559696;2420.1219253686268;2422.9704008151484;2425.9122688992607;2428.947529620964;2432.076182980258;2435.298228977143;2438.613667611619;2442.022498883686;2445.5247227933437;2449.120339340592;2452.8093485254312;2456.5917503478618;2460.467544807883;2464.4367319054945;2468.4993116406977;2472.6552840134914;2476.904649023876;2481.2474066718514;2485.6835569574177;2490.213099880575;2494.836035441323;2499.552363639662;2504.362084475592;2509.2651979491125;2514.261704060224;2519.3516028089266;2524.5348941952197;2529.811578219104;2535.181654880579;2540.645124179645;2546.2019861163017;2551.8522406905495;2557.5958879023883;2563.4329277518173;2569.3633602388377;2575.387185363449;2581.504403125651;2587.7150135254437;2594.0190165628273;2600.4164122378024;2606.9072005503676;2613.491381500524;2620.168955088271;2626.9399213136094;2633.804280176538;2640.762031677058;2647.813175815169;2654.9577125908704;2662.195642004163;2669.5269640550464;2676.9516787435205;2684.4697860695856;2692.0812860332417;2699.7861786344884;2707.584463873326;2715.476141749755;2723.461212263774;2731.5396754153844;2739.7115312045858;2747.9767796313777;2756.3354206957606;2764.787454397734;2773.332880737299;2781.9716997144546;2790.7039113292008;2799.5295155815384;2808.448512471466;2817.4609019989853;2826.566684164095;2835.765858966796;2845.0584264070876;2854.44438648497;2863.9237392004434;2873.496484553508;2883.162622544163;2892.922153172409;2902.7750764382454;2912.721392341673;2922.7611008826916;2932.8942020613013;2943.1206958775015;2953.4405823312927;2963.8538614226745;2974.360533151648;2984.9605975182117;2995.654054522366;3006.440904164112;3017.321146443448;3028.2947813603755;3039.3618089148936;3050.5222291070027;3061.7760419367023;3073.1232474039934;3084.5638455088747;3096.0978362513474;3107.7252196314107;3119.445995649065;3131.26016430431;3143.1677255971463;3155.1686795275727;3167.2630260955907;3179.450765301199;3191.7318971443988;3204.106421625189;3216.5743387435705;3229.135648499542;3241.7903508931054;3254.538445924259;3267.379933593004;3280.3148138993392;3293.343086843266;3306.464752424783;3319.6798106438914;3332.9882615005904;3346.3901049948804;3359.885341126761;3373.473969896233;3387.155991303295;3400.931405347949;3414.800212030193;3428.762411350028;3442.818003307454;3456.9669879024714;3471.2093651350788;3485.545135005277;3499.9742975130666;3514.496852658447;3529.1128004414186;3543.8221408619806;3558.6248739201337;3573.5209996158774;3588.510517949212;3603.5934289201377;3618.7697325286545;3634.0394287747613;3649.40251765846;3664.858999179749;3680.408873338629;3696.0521401350998;3711.7887995691613;3727.618851640814;3743.5422963500573;3759.5591336968914;3775.6693636813166;3791.8729863033327;3808.1700015629394;3824.5604094601376;3841.044209994926;3857.6214031673053;3874.2919889772757;3891.055967424837;3907.9133385099894;3924.864102232732;3941.9082585930664;3959.045807590991;3976.2767492265066;3993.601083499613;4011.0188104103104;4028.5299299585986;4046.1344421444774;4063.8323469679476;4081.6236444290084;4099.50833452766;4117.486417263903;4135.557892637737;4153.722760649161;4171.981021298176;4190.332674584782;4208.777720508979;4227.316159070766;4245.947990270145;
    DUE_DATES:10000.0;10068.311322509828;10269.784079879812;10425.013685913125;10593.36267636811;10668.965963084303;14363.115032030631;14477.948635109111;14635.38318049854;14758.449798766202;14900.050629633162;15050.497283442963;15067.182467476947;15140.756944519111;15180.080350140293;15347.692344427747;15495.803716130167;15624.078663797747;15825.109631563777;15938.70839049384;16093.625393797654;19282.12469023323;19366.334827408333;23319.19895978242;23359.317584851862;23531.962884905246;23533.496397256822;23740.750923919306;23860.358210423215;23864.88606335849;24081.70118285337;24128.00938356236;24325.580267928133;24541.65465190008;24613.72131215278;24640.141052796567;24809.086076935164;24976.534616145123;25095.23209384511;28913.402132499952;28945.71249797086;28972.783252901594;28996.434516830614;29117.133342402067;29145.53772142081;29285.474580622555;29303.496977846706;29409.305107066546;29523.470663002296;32685.378032966753;32793.82298677126;32962.66602446464;33007.64397040339;33166.950511756375;33191.24782543271;37565.61363574518;37621.14771921515;37669.13370625525;37699.64908026552;37860.834455052995;38039.31866450488;38250.94474909416;41636.51759510026;44766.09576209404;44852.88553548355;47862.5140637151;47888.32678419862;50302.94875743519;53167.44097086635;53294.68744660156;53515.187071149005;53629.99231855043;53820.006271726554;53889.059638810824;53974.90108233078;54186.42265144657;54216.48517416835;54364.07575448222;54425.14347984909;54638.44789902335;54662.99885498929;54835.096910394066;54947.628103263014;55096.04642571091;55169.7536616783;55237.45789665372;55442.441999914154;55449.96595909131;55651.85381030356;55874.69417708651;55875.501170827854;58259.45959773112;58266.0240289329;58454.09315189997;58656.82583612243;58686.589031876116;58801.94743273717;58936.880334109424;59143.2389296875;59305.49349378575;59316.285156400314;59489.462457787966;59653.95272750661;59743.12926785786;59761.30049062092;59800.75578810181;59811.86488635443;59962.472074777594;60106.24784744649;60271.61532237762;60362.122583069264;60395.157113017216;60497.41928929267;63321.85821403897;63386.74096507336;63416.261586426044;63438.22143929473;63466.64444046045;63655.08201555639;63770.203680123035;63804.67464519213;63858.60770142489;64030.37969053531;64189.42432562147;64322.1688079966;64499.60039713114;64558.71820095305;64749.48909295756;64926.03106172879;65038.039323683566;65052.74302304182;65191.87025184276;65394.83341822579;65487.240157686574;65694.53570454384;65774.57055896413;65915.01983748606;69388.72863113221;69419.43330164209;69496.85004348021;69584.28200610682;69786.45288388128;69977.25991491752;70072.75375686774;70215.29971823381;73494.44650505263;76678.10966270506;76748.56030422327;76915.63368165049;77029.63392126303;77239.33779938256;77301.53826104273;77440.57579957054;80028.71640270672;80170.72494595106;82568.03578209064;82598.15022199228;82811.68166398685;82814.51081180284;82877.77184526723;87100.56877047305;87117.19276910913;87268.23569790454;87364.42283206595;87372.28185119468;87428.71165102068;87498.05421538548;87621.60789682799;87843.00806503001;91671.92514676947;91738.96016347352;91759.48392740155;91861.01827013875;95394.21155990896;95591.9065281237;95649.98971679958;95866.73464937045;95988.51467324019;96189.48060596744;96254.43810354065;96457.14985202362;96642.62436615014;96739.17637058173;96781.6488848342;96941.29739008234;97104.49988718693;97326.6930221842;97528.53190084835;97686.33356135675;97730.10731466973;97739.27432761157;97749.36542134038;101809.65089834333;101871.62112409035;102068.23154817345;102191.8930710985;102203.01580987622;102301.43034389711;102386.13347614069;102603.45326128654;
