# AG41 CHALLENGE 2012 INSTANCE FILE
NBR_PRODUCT:100
  CUSTOMER_HOLDING_COSTS:0.0221229870872719;
    TRANSPORTER_CAPACITY:50
    TRANSPORTER_DELIVERY_TIMES:113.76022515704153
    TRANSPORTER_DELIVERY_COSTS:421.0213900551356
  SUPPLIER_SETUP_TIMES:5.0
  SUPPLIER_SETUP_COSTS:1331.9487672043708
  SUPPLIER_PRODUCTION_TIMES:1.0
  SUPPLIER_HOLDING_COSTS:0.000021071335088997233
    SUPPLIER_PRODUCTION_HOLDING_COSTS:0.021071335088997233;1331.9593028719153;1331.9909098745488;1332.0435882122713;1332.1173378850829;1332.2121588929833;1332.3280512359727;1332.4650149140512;1332.6230499272187;1332.8021562754752;1333.0023339588206;1333.223582977255;1333.4659033307787;1333.7292950193912;1334.0137580430926;1334.319292401883;1334.6458980957625;1334.993575124731;1335.3623234887884;1335.7521431879347;1336.1630342221704;1336.5949965914947;1337.0480302959081;1337.5221353354107;1338.017311710002;1338.5335594196824;1339.0708784644519;1339.6292688443102;1340.2087305592577;1340.8092636092942;1341.4308679944195;1342.073543714634;1342.7372907699373;1343.42210916033;1344.1279988858112;1344.8549599463815;1345.602992342041;1346.3720960727894;1347.162271138627;1347.9735175395533;1348.8058352755686;1349.659224346673;1350.5336847528663;1351.4292164941487;1352.3458195705202;1353.2834939819804;1354.24223972853;1355.2220568101682;1356.2229452268957;1357.244904978712;1358.2879360656173;1359.3520384876117;1360.437212244695;1361.5434573368675;1362.6707737641289;1363.819161526479;1364.9886206239185;1366.179151056447;1367.390752824064;1368.6234259267706;1369.877170364566;1371.1519861374502;1372.4478732454236;1373.7648316884859;1375.1028614666373;1376.4619625798775;1377.8421350282067;1379.243378811625;1380.6656939301324;1382.1090803837287;1383.5735381724141;1385.0590672961885;1386.5656677550517;1388.093339549004;1389.6420826780452;1391.2118971421755;1392.8027829413948;1394.414740075703;1396.0477685451003;1397.7018683495867;1399.377039489162;1401.0732819638263;1402.7905957735795;1404.528980918422;1406.2884373983532;1408.0689652133733;1409.8705643634826;1411.693234848681;1413.536976668968;1415.4017898243444;1417.2876743148097;1419.1946301403639;1421.1226573010072;1423.0717557967394;1425.0419256275607;1427.0331667934709;1429.0454792944702;1431.0788631305584;1433.1333183017355;1435.2088448080017;1437.305442649357;
    DUE_DATES:10000.0;10098.317268319966;10126.97498851342;10174.913930086292;10218.065458385232;15944.235944943495;16017.821025494468;16129.058471165343;16385.006702799572;16599.455144551826;16877.700145501905;17098.851434524568;20493.917795850208;20682.419632954305;20803.812062183963;21030.99023228189;21165.951602788195;21270.52704540275;21321.130894303038;21407.62611661818;21557.155058200948;21617.958054209954;21828.567050106096;22085.000811414036;22267.790414272313;22277.822207570087;22288.501354979187;22416.918310912843;22620.256731113706;28300.01899596207;31216.990598462642;31458.975939561922;31691.406347545893;31929.177942184877;32062.71197603574;32328.247264999376;32423.49212820634;37559.02595490836;37846.383162446706;41390.33614899958;41650.72996065402;41808.41686776515;42041.9122971864;42074.777528980165;42239.0771346538;42289.34947550997;42418.83479405483;42469.67821881885;42750.74486437655;42800.29501142638;43065.21953989105;43130.88619686483;43289.35848458231;43479.19037788976;43694.94695813939;43742.73502940696;44007.436848768644;44191.018310207946;44441.63062404376;44574.54853604548;44585.00117401531;44779.27281289708;44905.105810743225;44956.358054216;45179.39060597206;45338.03171941592;45607.831776941806;45808.246241792636;46085.32344172578;46278.30028427808;46339.496773082545;46504.231550955694;46534.74320369685;46616.79005448692;46690.61489751836;46750.10742181887;46832.48852818452;52125.57196045108;52382.178877367165;52452.925300158604;52730.101065054274;53009.11737569794;53210.50742722811;58664.28427146705;58860.559102351195;59145.41652423716;59380.601602581155;59542.572624080545;59807.70726280588;65205.051207431265;65334.51210727138;65487.67066402536;65648.51660870491;65669.84230097616;65736.96302004754;65895.01463118049;70821.8682581704;71021.91390747417;71249.69881961923;71405.08421618499;
