# AG41 CHALLENGE 2012 INSTANCE FILE
NBR_PRODUCT:150
  CUSTOMER_HOLDING_COSTS:0.005598216804060226;
    TRANSPORTER_CAPACITY:75
    TRANSPORTER_DELIVERY_TIMES:168.2287527491784
    TRANSPORTER_DELIVERY_COSTS:746.5056144053892
  SUPPLIER_SETUP_TIMES:5.0
  SUPPLIER_SETUP_COSTS:1560.6586965574704
  SUPPLIER_PRODUCTION_TIMES:1.0
  SUPPLIER_HOLDING_COSTS:0.0053771754631655845
    SUPPLIER_PRODUCTION_HOLDING_COSTS:0.0053771754631655845;1560.661385145202;1560.6694509083968;1560.6828938470546;1560.7017139611758;1560.72591125076;1560.7554857158075;1560.790437356318;1560.8307661722918;1560.8764721637285;1560.9275553306286;1560.984015672992;1561.0458531908184;1561.113067884108;1561.1856597528606;1561.2636287970765;1561.3469750167556;1561.4356984118979;1561.5297989825033;1561.6292767285718;1561.7341316501036;1561.8443637470984;1561.9599730195564;1562.0809594674777;1562.207323090862;1562.3390638897097;1562.4761818640204;1562.6186770137942;1562.7665493390314;1562.9197988397316;1563.0784255158949;1563.2424293675215;1563.4118103946112;1563.5865685971642;1563.7667039751802;1563.9522165286594;1564.1431062576016;1564.3393731620072;1564.541017241876;1564.7480384972077;1564.960436928003;1565.178212534261;1565.4013653159825;1565.629895273167;1565.8638024058148;1566.1030867139257;1566.3477481974996;1566.597786856537;1566.8532026910373;1567.1139957010007;1567.3801658864274;1567.6517132473173;1567.9286377836702;1568.2109394954864;1568.498618382766;1568.7916744455083;1569.090107683714;1569.393918097383;1569.7031056865148;1570.01767045111;1570.3376123911685;1570.66293150669;1570.9936277976747;1571.3297012641226;1571.6711519060336;1572.0179797234077;1572.3701847162451;1572.7277668845456;1573.0907262283092;1573.459062747536;1573.832776442226;1574.2118673123794;1574.5963353579957;1574.9861805790752;1575.381402975618;1575.7820025476237;1576.1879792950926;1576.5993332180249;1577.0160643164202;1577.4381725902786;1577.8656580396002;1578.298520664385;1578.736760464633;1579.1803774403443;1579.6293715915185;1580.083742918156;1580.5434914202567;1581.0086170978207;1581.4791199508475;1581.9549999793378;1582.436257183291;1582.9228915627075;1583.414903117587;1583.91229184793;1584.415057753736;1584.9232008350052;1585.4367210917374;1585.955618523933;1586.4798931315916;1587.0095449147134;1587.5445738732983;1588.0849800073465;1588.6307633168578;1589.1819238018322;1589.73846146227;1590.3003762981707;1590.8676683095346;1591.4403374963617;1592.0183838586522;1592.6018073964055;1593.1906081096222;1593.784785998302;1594.384341062445;1594.989273302051;1595.5995827171205;1596.2152693076528;1596.8363330736486;1597.4627740151072;1598.0945921320292;1598.7317874244143;1599.3743598922626;1600.022309535574;1600.6756363543486;1601.3343403485865;1601.9984215182874;1602.6678798634516;1603.342715384079;1604.0229280801693;1604.7085179517228;1605.3994849987396;1606.0958292212197;1606.7975506191626;1607.504649192569;1608.2171249414384;1608.934977865771;1609.6582079655668;1610.3868152408259;1611.1207996915477;1611.8601613177332;1612.6049001193815;1613.355016096493;1614.110509249068;1614.871379577106;1615.637627080607;1616.4092517595711;1617.1862536139986;1617.9686326438891;1618.756388849243;1619.54952223006;1620.34803278634;1621.1519205180832;
    DUE_DATES:10000.0;10028.901641452205;10029.239609604767;10131.396390715361;10178.033434711968;10220.253125508436;10375.189477017713;10428.665955233482;10570.351744035832;10656.522319740923;10675.326379773247;12816.25808150205;12977.671116790436;13110.367025144862;13185.828534447273;13333.412855912586;13433.857101510244;13599.288313464149;13616.338462174052;13702.612813638332;13760.15789467994;13764.089054872073;13910.099302907229;13956.974763193255;14074.19104766687;14085.568465506474;14244.484562160307;16284.560362754037;16415.2465458057;16525.996080789708;16627.132668539864;19726.661419489843;19829.005250721446;19878.19466753133;19993.933792416155;20089.684038078212;20139.089758267964;20270.129529978636;22968.178489192724;25343.03221173191;25469.39125084879;25613.178314315788;25687.251688256692;28341.06851253452;28479.542974256652;28537.432363646738;28628.01646780956;28724.06423853931;28729.49564498084;28868.715448774623;30866.052540007626;30978.039266418535;33116.527047307194;33153.1325572754;33238.04863539841;33294.27143929068;33437.535549431275;33478.22895250235;33489.89267793372;33620.54364888301;33679.39775026096;33737.52019725095;33758.47846140006;33792.94318893019;33916.88273527317;34012.61608375418;34157.744067791966;34258.51179669635;36849.18739995731;36956.48336955054;36978.983876524;36990.208527172115;39702.349752661234;41462.19976831055;41553.92821931136;41570.284963111975;41631.68484341543;45017.5279369136;45108.984060698225;45164.82166630642;45268.58388235909;45352.73433320727;45391.47950327228;45473.374093255756;45511.25056636935;45678.866429184025;45689.29360398621;45832.96492210506;45931.8343290097;45948.396425492596;46001.6975835764;46031.85440270524;46095.472151165035;46221.6158161162;46274.45977832291;46296.49646431396;46306.57135162509;48715.50067672;48832.35217048084;48902.92396625193;48950.44261715179;49018.32911680971;49039.507860220125;49104.86785873223;49256.13096863236;49330.634547605216;49400.13119700326;49533.717478733684;49614.844902297235;49752.60171404654;49871.33537144074;49998.452243671134;50088.15689686543;50099.08290852273;50161.70295251432;50223.2456748138;50314.469241595136;50458.44452056536;50607.947416528004;50672.975305664506;50807.52161377785;50876.505614684385;50942.85540050882;51090.42364361658;51198.01867473659;51352.59080923916;51391.199856534964;51535.215825626976;51598.46617928144;54238.969245969216;54295.313910405064;54351.289292275666;54385.803933278694;54395.57912355427;54444.39283600226;56498.647308029125;56629.13042533379;56667.07098247962;56777.47532730767;59914.22078835291;59951.636497773005;60010.42109325226;60105.02338484765;62635.05234116525;62805.00501483444;62957.94885773215;63116.35265094528;63247.45081080664;63338.71769657612;66333.06065539361;
