# AG41 CHALLENGE 2012 INSTANCE FILE
NBR_PRODUCT:100
  CUSTOMER_HOLDING_COSTS:0.09967161871619046;
    TRANSPORTER_CAPACITY:17
    TRANSPORTER_DELIVERY_TIMES:171.37081434925085
    TRANSPORTER_DELIVERY_COSTS:526.9009490255978
  SUPPLIER_SETUP_TIMES:5.0
  SUPPLIER_SETUP_COSTS:12971.848984055354
  SUPPLIER_PRODUCTION_TIMES:1.0
  SUPPLIER_HOLDING_COSTS:0.09819101412488328
    SUPPLIER_PRODUCTION_HOLDING_COSTS:0.09819101412488328;12971.898079562416;12972.045366083603;12972.290843618915;12972.634512168353;12973.076371731915;12973.616422309602;12974.254663901413;12974.99109650735;12975.825720127412;12976.758534761599;12977.789540409909;12978.918737072345;12980.146124748906;12981.471703439593;12982.895473144403;12984.417433863338;12986.0375855964;12987.755928343586;12989.572462104896;12991.487186880331;12993.50010266989;12995.611209473576;12997.820507291386;13000.12799612332;13002.53367596938;13005.037546829564;13007.639608703874;13010.339861592309;13013.138305494867;13016.034940411551;13019.02976634236;13022.122783287294;13025.313991246352;13028.603390219536;13031.990980206845;13035.476761208278;13039.060733223836;13042.74289625352;13046.523250297327;13050.401795355261;13054.37853142732;13058.4534585135;13062.626576613808;13066.89788572824;13071.267385856798;13075.735076999481;13080.300959156288;13084.96503232722;13089.727296512276;13094.587751711459;13099.546397924765;13104.603235152195;13109.758263393753;13115.011482649434;13120.36289291924;13125.81249420317;13131.360286501227;13137.006269813408;13142.750444139714;13148.592809480144;13154.533365834699;13160.57211320338;13166.709051586186;13172.944180983115;13179.27750139417;13185.70901281935;13192.238715258654;13198.866608712084;13205.592693179638;13212.416968661319;13219.339435157122;13226.360092667052;13233.478941191106;13240.695980729284;13248.011211281588;13255.424632848017;13262.936245428571;13270.546049023249;13278.254043632052;13286.060229254981;13293.964605892033;13301.967173543211;13310.067932208514;13318.266881887943;13326.564022581495;13334.959354289173;13343.452877010975;13352.044590746902;13360.734495496954;13369.522591261131;13378.408878039432;13387.39335583186;13396.476024638412;13405.656884459087;13414.93593529389;13424.313177142816;13433.788610005868;13443.362233883043;13453.034048774345;13462.804054679771;
    DUE_DATES:10000.0;10270.700521395838;10472.902999904898;14057.714360581194;14168.951408666318;17311.301246015173;22506.866632792728;22755.344861517886;22801.26106517132;22837.099038199878;23005.212604984066;23153.16398701579;23394.302350310234;23411.69581366387;23640.369120633037;23911.847116232326;23930.990652815606;24113.629835124302;24131.81827100518;24364.408231012272;24443.13846337769;24463.704640078995;24471.444252213245;24509.148355306814;24544.497674122656;24588.45979416748;24619.602391727432;24744.587877629667;24992.831837558308;25250.758494538637;25419.024128082776;25540.495817766918;25713.70971021713;25751.896371487193;25916.031439090126;26116.81765902706;26293.39968354677;29293.7975925613;29507.705102702937;29668.474236627964;29683.415862826972;29759.170118845814;29975.9566497831;30217.309685951277;30443.571756487065;30554.824814271204;30745.7868764658;30789.799451541458;34059.11396017931;34277.02470772617;34471.67537555448;34734.790888795156;34933.10487859543;35025.3957628221;35124.71046264252;35265.21403507467;35340.61456164858;35478.26683178305;40059.65293470548;40243.28404610944;40382.41418202862;40652.46631488175;46030.87032557354;46191.46016107595;46422.42115968135;49231.164308649895;49370.06077774604;49488.408310190935;49489.67699601458;49642.287702644644;49672.545550633484;49768.07469287105;49916.22462718694;54413.463584599216;54447.09964138178;54513.16777436677;54741.377871456505;54956.79717105469;55166.23383620549;55229.29019721451;55411.20252531042;55497.35736340128;55674.77603645676;55899.896590051685;55988.963290157866;56177.67953688076;56407.83735715102;56432.49091497489;56623.52820652398;56741.214427745486;56979.60648514753;57125.834874083164;57375.08032179336;57455.215817276825;57599.54292400024;57664.06622999135;57802.61353345452;57957.97744803022;58069.95790968391;58242.043921709774;
