# AG41 CHALLENGE 2012 INSTANCE FILE
NBR_PRODUCT:100
  CUSTOMER_HOLDING_COSTS:0.08298686762489736;
    TRANSPORTER_CAPACITY:50
    TRANSPORTER_DELIVERY_TIMES:187.32701517833343
    TRANSPORTER_DELIVERY_COSTS:788.2935202943676
  SUPPLIER_SETUP_TIMES:5.0
  SUPPLIER_SETUP_COSTS:2641.966782887286
  SUPPLIER_PRODUCTION_TIMES:1.0
  SUPPLIER_HOLDING_COSTS:0.08016022487480037
    SUPPLIER_PRODUCTION_HOLDING_COSTS:0.08016022487480037;2642.0068629997236;2642.127103337036;2642.327503899223;2642.6080646862847;2642.9687856982214;2643.4096669350324;2643.9307083967187;2644.53191008328;2645.213271994716;2645.974794131026;2646.8164764922117;2647.7383190782716;2648.740321889207;2649.8224849250164;2650.9848081857012;2652.2272916712604;2653.549935381695;2654.9527393170038;2656.4357034771874;2657.9988278622463;2659.6421124721796;2661.3655573069877;2663.1691623666707;2665.052927651229;2667.0168531606614;2669.060938894969;2671.185184854151;2673.389591038208;2675.67415744714;2678.0388840809464;2680.483770939628;2683.008818023184;2685.614025331615;2688.2993928649207;2691.0649206231014;2693.910608606157;2696.836456814087;2699.842465246892;2702.928633904572;2706.0949627871264;2709.341451894556;2712.66810122686;2716.0749107840393;2719.561880566093;2723.1290105730213;2726.776300804825;2730.503751261503;2734.311361943056;2738.199132849484;2742.1670639807867;2746.215155336964;2750.343406918016;2754.551818723943;2758.840390754745;2763.2091230104215;2767.658015490973;2772.187068196399;2776.7962811267003;2781.485654281876;2786.255187661927;2791.1048812668523;2796.0347350966526;2801.0447491513273;2806.1349234308773;2811.305257935302;2816.555752664601;2821.8864076187756;2827.297222797825;2832.7881982017484;2838.3593338305473;2844.0106296842205;2849.7420857627685;2855.553702066192;2861.4454785944895;2867.4174153476624;2873.4695123257097;2879.601769528632;2885.814186956429;2892.1067646091005;2898.4795024866476;2904.932400589069;2911.465458916365;2918.078677468536;2924.772056245582;2931.5455952475027;2938.399294474298;2945.333153925968;2952.347173602513;2959.441353503933;2966.6156936302277;2973.8701939813973;2981.204854557441;2988.6196753583604;2996.1146563841544;3003.6897976348228;3011.3450991103664;3019.0805608107844;3026.8961827360777;3034.7919648862453;3042.767907261288;
    DUE_DATES:10000.0;13157.185694249976;13264.084891271037;13305.93399442036;13551.903751479545;13624.97982498743;13800.203585474019;13804.600970349282;13899.76565045347;14128.133297768529;17865.29125007687;18042.359096784443;18050.874171057847;21182.149218084563;21407.040946964986;21532.731158218343;21637.59508993308;21803.010473540275;22042.19430279455;22289.724619057222;22351.08581469737;22519.67172255948;22736.392876004527;27685.673661893783;27893.567735570974;28116.54167523984;32423.51549249109;32540.693152949094;32578.842354200166;32643.928076047734;32814.28091071545;32830.39546019925;33050.60431022336;33246.23996722391;33268.58797534833;33440.21246749814;36603.5490239833;36717.067587847094;36850.12364358362;37026.16271611772;37030.496848478586;37117.05412409353;37290.105538590295;37489.23830289597;37575.92162812157;37707.53705441286;37923.35912603417;37957.545509009324;38122.818468661855;38322.233678408826;38552.71639564507;43716.033256527735;43898.49871707792;44000.64877039626;44162.66492808609;44260.80693136254;44468.65102041087;44623.38296205003;44631.703299898305;44841.8870789571;44858.70076763835;45005.964114129485;45164.052408409254;45389.046203108184;48748.58825017152;48866.6617463434;49081.960179096495;49336.65716050014;49405.43666226138;49555.84557705386;49680.68798002187;49776.91762409526;49964.22130877904;50127.83932275298;50243.407288656206;50305.29018093705;50360.85751302388;50570.27717058149;50821.041373701184;50851.67261443252;51009.69860498911;51018.294033881124;51197.16038559464;51419.62145762232;51443.0746810778;51654.27021610549;51660.17789110612;51822.84183273491;52011.60245567748;52050.700656508896;52171.696346367105;52430.50580142219;52448.39288257477;52685.905195530046;52924.745260319425;53146.60795559;56663.204717986606;56739.96793364646;56833.07753146003;57033.73838925323;
