# AG41 CHALLENGE 2012 INSTANCE FILE
NBR_PRODUCT:100
  CUSTOMER_HOLDING_COSTS:0.05509775389126957;
    TRANSPORTER_CAPACITY:50
    TRANSPORTER_DELIVERY_TIMES:108.2488198294024
    TRANSPORTER_DELIVERY_COSTS:639.7676646848419
  SUPPLIER_SETUP_TIMES:5.0
  SUPPLIER_SETUP_COSTS:2723.182248249756
  SUPPLIER_PRODUCTION_TIMES:1.0
  SUPPLIER_HOLDING_COSTS:0.051504094252622076
    SUPPLIER_PRODUCTION_HOLDING_COSTS:0.051504094252622076;2723.2080002968823;2723.285256438261;2723.4140166738925;2723.594281003777;2723.826049427914;2724.109321946303;2724.4440985589454;2724.83037926584;2725.268164066987;2725.757452962387;2726.2982459520395;2726.8905430359446;2727.5343442141025;2728.2296494865127;2728.976458853176;2729.7747723140915;2730.62458986926;2731.525911518681;2732.478737262354;2733.4830671002806;2734.5389010324593;2735.6462390588904;2736.8050811795747;2738.0154273945113;2739.2772777037003;2740.590632107142;2741.9554906048365;2743.371853196784;2744.8397198829834;2746.359090663436;2747.929965538141;2749.5523445070985;2751.2262275703088;2752.9516147277714;2754.728505979487;2756.556901325455;2758.436800765676;2760.368204300149;2762.351111928875;2764.3855236518534;2766.471439469085;2768.6088593805684;2770.797783386305;2773.038211486294;2775.330143680536;2777.67357996903;2780.068520351777;2782.5149648287766;2785.0129134000285;2787.5623660655338;2790.163322825291;2792.815783679301;2795.519748627564;2798.2752176700787;2801.082190806847;2803.9406680378675;2806.8506493631403;2809.8121347826664;2812.8251242964448;2815.889617904476;2819.0056156067594;2822.1731174032957;2825.3921232940843;2828.662633279126;2831.9846473584203;2835.3581655319667;2838.783187799766;2842.259714161818;2845.787744618123;2849.36727916868;2852.99831781349;2856.6808605525525;2860.4149073858675;2864.2004583134353;2868.0375133352554;2871.9260724513283;2875.866135661654;2879.8577029662324;2883.900774365063;2887.9953498581467;2892.1414294454826;2896.339013127071;2900.5881009029126;2904.888692773007;2909.2407887373533;2913.644388795952;2918.0994929488043;2922.6061011959086;2927.164213537266;2931.7738299728753;2936.4349505027376;2941.1475751268526;2945.91170384522;2950.72733665784;2955.594473564713;2960.5131145658384;2965.4832596612164;2970.504908850847;2975.5780621347303;2980.702719512866;
    DUE_DATES:10000.0;10009.707952374903;10105.644016626396;10122.920949400808;10184.421090502909;10206.659622453146;10280.588696784078;10316.16151069549;10451.948014650954;10525.67042552922;10624.753083120846;10660.960385934695;12438.970053306764;12494.902559595856;12650.721824102691;12742.058600614275;12884.152350305283;12977.27153648799;13016.5062617631;13099.469377739248;13149.926978031674;15774.462724868128;15789.803657556966;15890.057471430262;15934.922606571954;15983.49376899959;16059.335200432102;16126.33471424266;16129.404655589737;16168.382058288309;16309.771161977518;19423.22704118343;19536.42271612766;19631.2497271024;21481.50157971201;24148.347610885525;24243.734937380814;25957.12230895133;26060.371185113978;26091.717495912053;26107.066415257385;26166.92367174337;26184.840338695107;26286.312233650966;26419.654072263238;26488.978036471017;26591.898745590075;26603.107957435946;26647.075944600318;26788.744287671332;26837.089644546508;29248.24699979033;29259.05906239292;32412.875621634284;32521.426792644026;32581.832709544364;32687.59976753414;32800.884427961406;32817.269958336496;32963.69964960071;33102.31697973675;33115.56805481117;33189.037219557045;33309.55606270537;36371.58948096307;36422.988009721426;36551.24572425079;36639.33365008634;36725.57604880742;36827.584714802746;36845.91235195316;36998.53888497819;37112.16839052209;37174.35657064061;39215.2127244196;39279.182236305984;39360.97488036074;39364.007357279464;39421.858073043986;39482.8400548493;42077.10604129879;42140.90970340077;42255.91820808856;42353.46395006852;44710.26076859246;44779.64537342749;47686.508892901424;47746.992799568994;47867.61020381902;47900.63097092407;48024.78007482767;48067.59045885847;48082.12794238112;51103.243539035306;51248.107959512585;51350.548961676956;54185.15180712041;54330.71469105356;54402.65159197082;54520.90452301222;
