# AG41 CHALLENGE 2012 INSTANCE FILE
NBR_PRODUCT:200
  CUSTOMER_HOLDING_COSTS:0.055852194282248045;
    TRANSPORTER_CAPACITY:100
    TRANSPORTER_DELIVERY_TIMES:199.6334168889246
    TRANSPORTER_DELIVERY_COSTS:552.2484876026433
  SUPPLIER_SETUP_TIMES:5.0
  SUPPLIER_SETUP_COSTS:1057.712857675677
  SUPPLIER_PRODUCTION_TIMES:1.0
  SUPPLIER_HOLDING_COSTS:0.052200244834133734
    SUPPLIER_PRODUCTION_HOLDING_COSTS:0.052200244834133734;1057.7389577980941;1057.8172581653453;1057.9477587774306;1058.13045963435;1058.3653607361036;1058.6524620826915;1058.9917636741134;1059.3832655103693;1059.8269675914594;1060.3228699173837;1060.8709724881421;1061.4712753037347;1062.1237783641614;1062.8284816694222;1063.585385219517;1064.3944890144462;1065.2557930542093;1066.1692973388067;1067.135001868238;1068.1529066425037;1069.2230116616036;1070.3453169255374;1071.5198224343053;1072.7465281879076;1074.0254341863438;1075.3565404296141;1076.7398469177188;1078.1753536506574;1079.6630606284302;1081.202967851037;1082.7950753184782;1084.4393830307536;1086.135890987863;1087.8845991898063;1089.685507636584;1091.5386163281958;1093.4439252646416;1095.4014344459215;1097.4111438720356;1099.473053542984;1101.5871634587663;1103.753473619383;1105.9719840248335;1108.2426946751184;1110.5656055702375;1112.9407167101906;1115.3680280949777;1117.847539724599;1120.3792515990547;1122.9631637183443;1125.599276082468;1128.2875886914258;1131.0281015452179;1133.820814643844;1136.6657279873043;1139.5628415755987;1142.5121554087273;1145.5136694866899;1148.5673838094867;1151.6732983771178;1154.831413189583;1158.041728246882;1161.3042435490154;1164.618959095983;1167.9858748877846;1171.4049909244202;1174.8763072058903;1178.3998237321941;1181.9755405033325;1185.6034575193046;1189.2835747801112;1193.0158922857518;1196.8004100362264;1200.6371280315352;1204.526046271678;1208.4671647566552;1212.4604834864665;1216.5060024611118;1220.6037216805912;1224.753641144905;1228.9557608540526;1233.2100808080347;1237.5166010068506;1241.875321450501;1246.286242138985;1250.7493630723036;1255.2646842504562;1259.8322056734428;1264.4519273412636;1269.1238492539187;1273.8479714114078;1278.624293813731;1283.4528164608882;1288.3335393528798;1293.2664624897054;1298.2515858713653;1303.288909497859;1308.3784333691872;1313.5201574853495;1318.7140818463456;1323.9602064521762;1329.2585313028408;1334.6090563983394;1340.0117817386722;1345.4667073238393;1350.9738331538404;1356.5331592286757;1362.144685548345;1367.8084121128486;1373.5243389221862;1379.292465976358;1385.1127932753639;1390.985320819204;1396.910048607878;1402.8869766413864;1408.9161049197287;1414.9974334429053;1421.130962210916;1427.316691223761;1433.55462048144;1439.844749983953;1446.1870797313004;1452.5816097234815;1459.028339960497;1465.527270442347;1472.0784011690307;1478.6817321405485;1485.3372633569006;1492.0449948180867;1498.804926524107;1505.6170584749616;1512.4813906706502;1519.3979231111728;1526.3666557965298;1533.3875887267207;1540.4607219017457;1547.586055321605;1554.7635889862984;1561.993322895826;1569.2752570501875;1576.6093914493836;1583.9957260934134;1591.4342609822775;1598.9249961159755;1606.4679314945079;1614.0630671178742;1621.710402986075;1629.4099390991096;1637.1616754569786;1644.9656120596815;1652.8217489072185;1660.7300859995898;1668.6906233367954;1676.7033609188347;1684.7682987457085;1692.8854368174161;1701.0547751339582;1709.2763136953342;1717.5500525015445;1725.8759915525889;1734.2541308484674;1742.6844703891798;1751.1670101747266;1759.7017502051076;1768.2886904803224;1776.9278310003715;1785.619171765255;1794.3627127749724;1803.158454029524;1812.0063955289095;1820.9065372731293;1829.858879262183;1838.8634214960712;1847.9201639747935;1857.0291066983498;1866.1902496667403;1875.403592879965;1884.6691363380237;1893.9868800409165;1903.3568239886436;1912.7789681812046;1922.2533126186;1931.7798573008295;1941.3586022278928;1950.9895473997906;1960.6726928165224;1970.4080384780882;1980.1955843844885;1990.0353305357226;1999.9272769317909;2009.8714235726934;2019.86777045843;2029.9163175890008;2040.0170649644056;2050.1700125846446;2060.375160449718;2070.632508559625;2080.9420569143667;2091.3038055139423;2101.7177543583516;
    DUE_DATES:10000.0;10024.182951295259;10233.328375982568;10403.475225223923;12897.454007266766;12915.799002353317;13018.733647016734;13153.081548381562;17591.438869303467;17740.081851775965;17918.956499867494;18047.272941824263;18140.060896664472;18362.333441036637;18528.688186751868;18553.68955173145;18757.063344907412;18909.72445416594;19034.93371139935;19137.835822223828;19343.40078173995;22357.671112800715;22481.21390519096;22604.969404884265;22639.812046158968;22809.853202259288;22834.02231265664;22848.097683138727;23004.62235941547;23224.42648703275;23290.51585458729;23385.29920826956;23519.113003356924;23699.1157110656;23757.801211136728;23967.22029196858;24190.087895885186;24275.446310984516;24288.0008612624;24370.668901271896;24555.110081683466;24770.24178311758;24907.401464672806;25054.596899897122;25187.49987098085;25399.994901143607;25616.71861645694;25724.742877327724;25924.41776850907;26118.4558301019;26125.496726895053;26345.4426743202;26464.8399381073;26655.358228755373;26757.49102386369;26942.19281844552;30475.887992356154;30642.10834295306;33651.34772980201;33732.27123254607;33853.33854311635;34073.875890844894;34284.23903768451;34430.31011877769;34572.09707989338;34753.73451510586;34881.40075254925;34992.25716384896;35161.97504058498;35270.30396297202;35345.90985165728;35538.80062190355;35675.79444467348;35798.28168135099;35894.30618890174;35956.85071770118;36007.37452387986;36083.03152306558;36096.02732395281;36121.28470927391;36265.938014912485;36325.63047062671;36408.941363914906;40366.81509140911;40514.77178379346;40642.32141031981;40825.53616001512;40871.67308251796;41050.384696050234;44516.31830889643;44702.88697370383;44818.03125641424;45032.887309867016;45145.919990776005;45341.78463335005;45365.76318893196;45456.24214617092;45668.58973729204;45687.357163478664;45910.38379310665;45912.5288930961;49580.736102271454;49619.846021973346;52388.94932414423;52603.55435812846;52746.091374128686;52808.609254862466;52884.2312771323;52945.92221709662;53065.38703235848;53263.47659232823;53354.49352558548;53573.94255745378;53633.42413636467;53652.2302546972;53681.3808274929;53816.19026093051;53904.64772818286;54079.246368218344;54089.44578631687;54188.79000426992;54353.550235763476;54466.797652213;58106.32954830624;58295.24400908914;58433.03850900917;58453.57792023963;58463.69496557288;58509.95197331259;58566.39083545035;61539.9867355168;61738.898621273926;61903.71042852364;62122.204452681624;62169.84637214555;66356.9575352926;66570.29812006174;66628.80336765133;66786.15923932959;66894.86137070219;67016.99891554461;67219.5713434027;67395.52546626554;67466.3362675797;67499.2193261892;67649.23039281489;67742.18771375174;67748.56494547766;67969.00587878619;68041.98325980008;68200.58485914813;68334.90594379412;68461.056099997;68667.4770204704;68721.20177728868;68774.98652996047;68973.39841210625;69105.37628398315;69225.69300910718;69446.18566990634;69613.80807121424;69704.47647645324;74158.57893902663;74370.89389396555;74409.6468156259;78814.75990933228;78986.99734237888;79152.7712496825;79168.8981507443;79325.31734853213;83013.59817468566;83135.07943709218;83266.27516543052;83317.26276499162;83432.73821695393;83605.48307584845;83780.84665625409;83806.88781971157;83860.63315290089;83953.4659290038;84099.62806480282;84295.67836995152;84316.63251599425;84414.26577775825;84535.59180473983;84566.37334566515;84741.6652527528;84923.36406488562;85029.93380518013;85100.72862442998;85323.74442599251;87792.87028124327;87801.98708525322;87827.63819392938;91981.53957836439;92130.80505363287;92301.08703536578;92472.03058380497;92636.32910083026;92831.81124626816;
