# AG41 CHALLENGE 2012 INSTANCE FILE
NBR_PRODUCT:200
  CUSTOMER_HOLDING_COSTS:0.03706740841630446;
    TRANSPORTER_CAPACITY:36
    TRANSPORTER_DELIVERY_TIMES:131.72250102405286
    TRANSPORTER_DELIVERY_COSTS:662.6697417253608
  SUPPLIER_SETUP_TIMES:5.0
  SUPPLIER_SETUP_COSTS:17737.255360127052
  SUPPLIER_PRODUCTION_TIMES:1.0
  SUPPLIER_HOLDING_COSTS:0.035318975745442384
    SUPPLIER_PRODUCTION_HOLDING_COSTS:0.035318975745442384;17737.273019614924;17737.325998078544;17737.414295517905;17737.537911933017;17737.69684732387;17737.89110169047;17738.120675032817;17738.385567350906;17738.685778644744;17739.021308914325;17739.39215815965;17739.798326380725;17740.23981357754;17740.716619750106;17741.228744898413;17741.77618902247;17742.358952122268;17742.977034197815;17743.630435249106;17744.319155276142;17745.043194278922;17745.80255225745;17746.597229211722;17747.42722514174;17748.292540047503;17749.193173929012;17750.129126786265;17751.100398619266;17752.10698942801;17753.1488992125;17754.226127972735;17755.338675708717;17756.486542420444;17757.669728107918;17758.888232771136;17760.1420564101;17761.431199024806;17762.75566061526;17764.11544118146;17765.510540723404;17766.940959241096;17768.40669673453;17769.90775320371;17771.44412864864;17773.015823069312;17774.62283646573;17776.265168837894;17777.942820185803;17779.655790509456;17781.404079808854;17783.187688084;17785.00661533489;17786.860861561527;17788.75042676391;17790.675310942035;17792.635514095906;17794.631036225524;17796.661877330887;17798.728037411995;17800.82951646885;17802.96631450145;17805.138431509793;17807.34586749388;17809.588622453717;17811.866696389297;17814.180089300626;17816.5288011877;17818.912832050515;17821.332181889076;17823.786850703385;17826.27683849344;17828.80214525924;17831.362771000782;17833.958715718072;17836.58997941111;17839.25656207989;17841.958463724415;17844.695684344686;17847.468223940705;17850.276082512468;17853.119260059975;17855.99775658323;17858.911572082226;17861.860706556974;17864.845160007462;17867.8649324337;17870.92002383568;17874.010434213404;17877.136163566876;17880.297211896093;17883.493579201055;17886.725265481764;17889.992270738217;17893.294594970415;17896.63223817836;17900.00520036205;17903.413481521486;17906.857081656668;17910.33600076759;17913.850238854266;17917.39979591668;17920.984671954844;17924.60486696875;17928.260380958403;17931.951213923803;17935.677365864947;17939.438836781836;17943.235626674472;17947.067735542852;17950.935163386977;17954.83791020685;17958.775976002467;17962.74936077383;17966.75806452094;17970.80208724379;17974.88142894239;17978.996089616732;17983.146069266822;17987.331367892657;17991.551985494236;17995.807922071563;18000.099177624634;18004.42575215345;18008.787645658012;18013.18485813832;18017.617389594372;18022.085240026172;18026.588409433716;18031.126897817005;18035.70070517604;18040.309831510822;18044.954276821347;18049.634041107616;18054.349124369634;18059.099526607395;18063.885247820905;18068.706288010155;18073.562647175153;18078.4543253159;18083.381322432386;18088.34363852462;18093.341273592603;18098.374227636326;18103.442500655798;18108.546092651017;18113.685003621977;18118.859233568684;18124.068782491137;18129.313650389337;18134.593837263277;18139.90934311297;18145.260167938402;18150.646311739583;18156.06777451651;18161.524556269178;18167.016656997595;18172.544076701757;18178.106815381663;18183.704873037317;18189.338249668715;18195.006945275858;18200.71095985875;18206.45029341738;18212.224945951762;18218.034917461886;18223.880207947757;18229.760817409373;18235.676745846737;18241.62799325984;18247.614559648693;18253.636445013293;18259.693649353634;18265.786172669723;18271.91401496156;18278.077176229137;18284.275656472462;18290.509455691536;18296.77857388635;18303.08301105691;18309.422767203218;18315.79784232527;18322.20823642307;18328.653949496613;18335.1349815459;18341.651332570935;18348.203002571714;18354.789991548238;18361.41229950051;18368.069926428525;18374.76287233229;18381.491137211793;18388.254721067045;18395.053623898042;18401.887845704787;18408.757386487276;18415.66224624551;18422.60242497949;18429.577922689212;18436.588739374685;18443.6348750359;
    DUE_DATES:10000.0;10242.199084658016;10403.123783130392;10487.107072880146;10753.849845395995;10815.77534963086;10950.075523358952;11022.260961573138;11288.644441166365;11406.323420277984;11554.862741567154;11646.041163403894;11732.470901115583;11916.802575173937;12084.868784586795;12267.57133419436;12471.132794566929;12530.234643986549;12773.128136739042;13037.150363024351;13281.557197438728;13542.464780490853;13741.846283717268;13783.127197965887;13986.10768838143;14126.529934120574;14157.772198551615;14160.10368914566;14165.618715526174;17696.907666162664;17884.74284067527;17907.581620262954;18044.814252382585;18143.48447097253;18363.285853928755;18589.737075212957;18806.340973399492;19039.132062900764;19244.2157150329;24232.600179400946;24474.240610388897;24583.41106977957;24648.789593171543;24863.18135760878;25050.949733509176;25246.38929500777;25504.4571471182;25573.841435602113;25709.671003451782;25772.354274348352;25932.03062410875;26142.418358777388;26370.175632188944;26544.89712925844;26716.7993366592;26886.54196981653;26969.01532352767;27127.4827729332;27375.750309439125;27398.62919575975;27450.18293805247;27689.842654991528;27892.278242692646;27997.561808432623;28058.770925589262;28326.035926448334;28584.277515609094;28762.19029671971;28924.31789595525;29121.166239242506;29221.650310628796;29290.494857540565;29298.221303900966;29372.42909258024;29484.952674600416;29618.922084579543;29795.281589681967;29834.851929006258;30080.587556467504;30295.103498028682;30307.13085761847;34343.59089281913;34416.45564374739;34540.66327510837;34665.80032860875;34703.637288244674;34863.963921900424;35073.81235880215;35147.67061723874;35379.569154038625;39434.61910490358;39494.7526206374;39532.375323621345;39599.72436503376;39763.81468554799;39968.29697753538;40053.610827009965;40295.53603910027;45330.60785967195;49877.51328498703;49965.20687581264;50152.587066285945;50294.06409395181;50427.262586458775;54853.39147226193;55043.31239654152;57840.946453723496;57979.718165045364;58076.2714073763;58265.853235519775;58375.9996136227;58543.391390535224;58748.43720434512;58882.26881298268;59094.94190033058;59112.09537772533;59245.61050749837;59373.320624449356;59418.55194499776;59455.51747288941;59626.61170977009;59656.40382343196;59834.896761242446;59968.74835087635;60173.70647774825;60259.98126086592;60425.255306769286;60461.903849930095;60479.626217067635;60722.112164822;60874.47097561552;60971.369792310834;61208.823597216724;65149.921256777336;65355.75501658038;65454.48871613746;65543.32892240422;65698.75580016724;65930.735237281;65979.27974486067;70869.93638789293;70874.80218389996;71101.56854110707;71115.8069936295;71310.74574100734;71417.90820226405;71535.91021639736;71706.78629684384;71817.60646078101;71964.03128083228;72103.20724191822;76108.07969052176;79927.04885930257;80014.44821009792;80075.49790630964;80276.36023615778;80432.7099340393;85525.07288362944;85755.11121881574;86016.22700164885;86067.18752635775;86218.2381221868;90832.54728526088;90993.36594347314;91179.07334129767;91346.64870964621;91485.14487053918;91601.64205213546;91721.53500152328;91725.73972610288;91981.26037465282;92007.55451237725;92128.90833541767;96326.13773605191;96495.96395217653;96614.5539301505;96665.85174958193;96705.86848527567;96824.68197126342;96898.06247570964;97152.37801961858;97185.44561410333;97442.52401645473;97694.7320569805;97760.845574422;97967.36655212574;98135.01517549093;98298.45812637656;98368.97371141468;98549.10308514143;98737.48975479466;98814.20209376207;98914.48162657426;98970.84751691153;99036.45421990848;104149.18296754606;104200.45869753286;104371.96419507693;104533.91598098337;104552.04055991847;
