001-100 : 42531.86244378703 [2, 12, 23, 16, 15, 17, 2, 13]|[2, 12, 23, 15, 16, 17, 15]

001-150 : 12862.825966220877 [48, 37, 65]|[47, 38, 65]

001-200 : 83579.06967512249 [21, 32, 8, 17, 40, 15, 46, 21]|[21, 32, 25, 30, 19, 6, 41, 22, 4]

001-300 : 377571.41613712907 [76, 39, 42, 47, 46, 50]|[4, 13, 24, 35, 36, 3, 4, 11, 27, 25, 20, 26, 22, 33, 17] (meilleure prof : 358517)

002-010 : 107.0 [3, 3, 4]|[3, 3, 4]

002-100 : 18530.091543663922 [23, 30, 47]|[23, 30, 47]

002-150 : 30888.788485178768 [42, 29, 32, 47]|[41, 30, 32, 14, 26, 7]

002-200 : 135668.31777512148 [21, 45, 45, 23, 37, 29]|[19, 47, 41, 26, 38, 29]

003-050 : 225457.09875095196 [50]|[17, 14, 19]

003-100 : 9481.028208590384 [100]|[6, 5, 4, 15, 9, 24, 15, 11, 11]

003-150 : 14105.681366425151 [42, 55, 53]|[42, 55, 53]

003-200 : 150446.740156147 [10, 14, 45, 43, 39, 25, 24]|[16, 8, 45, 31, 22, 24, 23, 7, 24]

004-100 : 23839.61592093238 [26, 22, 28, 24]|[26, 17, 4, 29, 24]

004-150 : 78580.0047621261 [24, 3, 32, 22, 27, 19, 23]|[21, 38, 17, 21, 11, 18, 24]

004-200 : 27499.629083611868 [69, 53, 22, 6, 50]|[67, 55, 13, 14, 51]

011-100 : 81522.04452432298 [38, 32, 30]|[22, 16, 32, 11, 19] (meilleure prof : 80686)

011-150 : 154245.31575138483 [17, 34, 45, 40, 14]|[3, 5, 9, 2, 17, 9, 6, 3, 13, 15, 14, 5, 16, 8, 11, 11, 1, 2] <= BETTER (meilleure prof : 154739)

011-200 : 112014 [57, 46, 46, 51]|[46, 11, 42, 4, 46, 28, 18, 5] <= BETTER (meilleure prof : 113287)

012-100 : 63563.19588349713 [100]|[24, 25, 27, 24] <= BETTER (meilleure prof : 63588)

012-200 : 82997.52859184032 [64, 136]|[35, 29, 43, 38, 24, 31] <= BETTER (meilleure prof : 83526)